#multi:
;A;;T;;E;;M;;C;;5Mt;;
t;x;y;x;y;x;y;x;y;x;y;x;y;
0,000;0,329;1,430;0,375;0,901;0,427;0,465;0,358;9,141E-2;0,313;6,180E-2;0,460;4,614E-2
0,017;0,330;1,430;0,372;0,899;0,416;0,463;0,341;9,154E-2;0,296;6,205E-2;0,442;4,629E-2
0,033;0,332;1,431;0,369;0,897;0,405;0,462;0,325;9,161E-2;0,279;6,249E-2;0,425;4,656E-2
0,050;0,333;1,432;0,366;0,896;0,394;0,460;0,309;9,203E-2;0,262;6,304E-2;0,408;4,666E-2
0,067;0,334;1,432;0,362;0,894;0,383;0,459;0,291;9,189E-2;0,245;6,310E-2;0,390;4,637E-2
0,083;0,334;1,430;0,358;0,891;0,372;0,457;0,275;9,215E-2;0,229;6,364E-2;0,372;4,669E-2
0,100;0,335;1,428;0,354;0,890;0,360;0,456;0,258;9,260E-2;0,216;6,679E-2;0,354;4,670E-2
0,117;0,336;1,427;0,351;0,887;0,348;0,455;0,241;9,313E-2;0,197;6,444E-2;0,337;4,649E-2
0,133;0,338;1,424;0,348;0,885;0,336;0,453;0,224;9,391E-2;0,178;6,602E-2;0,319;4,641E-2
0,150;0,338;1,422;0,346;0,882;0,324;0,453;0,210;9,654E-2;0,161;6,798E-2;0,302;4,702E-2
0,167;0,339;1,417;0,343;0,880;0,312;0,452;0,192;9,432E-2;0,144;7,123E-2;0,284;4,695E-2
0,183;0,340;1,415;0,341;0,877;0,302;0,451;0,179;0,101;0,128;7,450E-2;0,266;4,716E-2
0,200;0,340;1,411;0,339;0,877;0,292;0,452;0,160;0,101;0,111;7,967E-2;0,248;4,772E-2
0,217;0,342;1,408;0,339;0,875;0,284;0,452;0,145;0,109;9,414E-2;8,407E-2;0,231;4,783E-2
0,233;0,341;1,405;0,338;0,874;0,278;0,452;0,135;0,112;8,383E-2;8,925E-2;0,214;4,793E-2
0,250;0,342;1,402;0,339;0,873;0,274;0,452;0,110;0,115;6,855E-2;9,543E-2;0,197;4,813E-2
0,267;0,343;1,400;0,341;0,873;0,272;0,452;9,850E-2;0,120;5,110E-2;0,106;0,180;4,860E-2
0,283;0,343;1,399;0,343;0,871;0,272;0,451;8,559E-2;0,130;3,543E-2;0,116;0,164;5,080E-2
0,300;0,342;1,398;0,346;0,869;0,273;0,451;7,734E-2;0,131;2,413E-2;0,129;0,147;5,109E-2
0,317;0,342;1,397;0,350;0,869;0,278;0,450;5,960E-2;0,143;1,264E-2;0,143;0,131;5,273E-2
0,333;0,342;1,398;0,355;0,868;0,286;0,449;5,886E-2;0,149;9,878E-3;0,153;0,115;5,569E-2
0,350;0,342;1,399;0,360;0,868;0,295;0,448;5,562E-2;0,159;2,957E-3;0,170;9,954E-2;5,898E-2
0,367;0,342;1,401;0,365;0,867;0,308;0,447;4,837E-2;0,175;6,960E-3;0,189;8,638E-2;6,315E-2
0,383;0,342;1,403;0,370;0,868;0,322;0,446;5,368E-2;0,191;1,571E-2;0,197;7,541E-2;6,963E-2
0,400;0,341;1,405;0,374;0,868;0,338;0,445;6,045E-2;0,202;2,448E-2;0,217;7,267E-2;8,052E-2
0,417;0,340;1,407;0,376;0,868;0,355;0,443;7,102E-2;-5,808E-2;3,403E-2;0,231;7,728E-2;9,256E-2
0,433;0,337;1,408;0,376;0,868;0,373;0,442;8,800E-2;0,226;4,913E-2;0,240;9,113E-2;0,103
0,450;0,335;1,409;0,376;0,868;0,392;0,443;0,104;0,230;6,365E-2;0,253;0,107;0,110
0,467;0,333;1,411;0,375;0,870;0,412;0,445;0,116;0,236;8,112E-2;0,255;0,129;0,115
0,484;0,332;1,413;0,373;0,871;0,432;0,448;0,137;0,238;0,106;0,253;0,153;0,118
0,500;0,330;1,415;0,372;0,874;0,451;0,454;0,159;0,237;0,121;0,249;0,181;0,119
0,517;0,328;1,418;0,370;0,877;0,467;0,459;0,184;0,233;0,143;0,248;0,212;0,118
0,534;0,326;1,420;0,370;0,881;0,482;0,466;0,208;0,227;0,172;0,236;0,245;0,116
0,550;0,324;1,422;0,370;0,884;0,495;0,473;0,235;0,219;0,197;0,219;0,238;0,217
0,567;0,320;1,423;0,370;0,888;0,506;0,479;0,263;0,208;0,223;0,202;0,315;0,105
0,584;0,318;1,424;0,371;0,890;0,515;0,486;0,294;0,195;0,259;0,188;0,354;9,833E-2
0,600;0,316;1,424;0,371;0,894;0,523;0,491;0,326;0,181;0,292;0,168;0,395;9,110E-2
0,617;0,314;1,424;0,371;0,896;0,530;0,495;0,359;0,166;0,326;0,151;0,437;8,400E-2
0,634;0,312;1,423;0,371;0,897;0,532;0,499;0,395;0,152;0,363;0,127;0,480;7,910E-2
0,650;0,310;1,422;0,370;0,899;0,534;0,500;0,432;0,139;0,400;0,112;0,524;7,557E-2
0,667;0,308;1,421;0,370;0,898;0,536;0,499;0,470;0,128;0,444;9,659E-2;0,571;7,495E-2
0,684;0,307;1,418;0,370;0,897;0,535;0,497;0,510;0,119;0,488;7,945E-2;0,613;7,727E-2
0,700;0,305;1,416;0,371;0,894;0,534;0,494;0,547;0,114;0,524;7,582E-2;0,657;8,409E-2
0,717;0,306;1,413;0,371;0,890;0,531;0,491;0,588;0,109;0,557;6,861E-2;0,694;9,368E-2
0,734;0,305;1,409;0,369;0,886;0,529;0,489;0,611;0,116;0,594;6,835E-2;0,725;0,106
0,750;0,304;1,406;0,369;0,882;0,528;0,486;0,635;0,120;0,613;7,070E-2;0,747;0,116
0,767;0,304;1,402;0,368;0,879;0,527;0,483;0,649;0,123;0,631;7,127E-2;0,762;0,123
0,784;0,304;1,399;0,367;0,876;0,526;0,481;0,658;0,123;0,634;7,166E-2;0,771;0,126
0,800;0,304;1,396;0,366;0,873;0,526;0,479;0,772;0,124;0,638;6,888E-2;0,772;0,122
0,817;0,304;1,393;0,365;0,871;0,527;0,477;0,654;0,117;0,632;6,651E-2;0,767;0,115
0,834;0,303;1,392;0,365;0,869;0,529;0,476;0,643;0,111;0,616;6,455E-2;0,755;0,105
0,850;0,303;1,390;0,365;0,867;0,530;0,474;0,627;0,104;0,604;5,504E-2;0,739;9,444E-2
0,867;0,302;1,389;0,367;0,867;0,530;0,471;0,611;0,100;0,586;5,765E-2;0,725;8,613E-2
0,884;0,301;1,388;0,370;0,867;0,528;0,470;0,606;0,101;0,571;5,906E-2;0,717;8,031E-2
0,900;0,300;1,388;0,374;0,871;0,526;0,473;0,596;0,100;0,557;6,047E-2;0,706;7,364E-2
0,917;0,299;1,390;0,376;0,877;0,526;0,475;0,581;9,768E-2;0,549;6,108E-2;0,690;6,743E-2
0,934;0,299;1,393;0,378;0,882;0,526;0,476;0,564;9,807E-2;0,529;6,350E-2;0,674;6,289E-2
0,950;0,299;1,396;0,378;0,886;0,522;0,477;0,547;9,694E-2;0,509;6,432E-2;0,656;5,769E-2
0,967;0,300;1,400;0,379;0,890;0,515;0,476;0,530;9,558E-2;0,493;6,713E-2;0,640;5,416E-2
0,984;0,300;1,404;0,378;0,893;0,507;0,475;0,514;9,440E-2;0,475;6,498E-2;0,623;5,340E-2
1,000;0,301;1,407;0,378;0,894;0,497;0,474;0,498;9,435E-2;0,454;5,906E-2;0,606;5,276E-2
1,017;0,303;1,410;0,378;0,896;0,487;0,473;0,588;5,284E-2;0,442;6,404E-2;0,588;5,258E-2
1,034;0,305;1,412;0,377;0,899;0,477;0,472;0,464;9,450E-2;0,422;6,645E-2;0,571;5,268E-2
1,050;0,307;1,414;0,376;0,901;0,465;0,471;0,447;9,474E-2;0,405;6,430E-2;0,554;5,299E-2
1,067;0,309;1,417;0,374;0,902;0,453;0,470;0,430;9,491E-2;0,390;6,412E-2;0,537;5,312E-2
1,084;0,313;1,420;0,373;0,903;0,441;0,470;0,417;9,370E-2;0,372;6,515E-2;0,520;5,363E-2
1,100;0,316;1,423;0,371;0,903;0,428;0,469;0,397;9,123E-2;0,356;6,478E-2;0,503;5,323E-2
1,117;0,319;1,426;0,369;0,903;0,415;0,468;0,381;8,925E-2;0,340;6,758E-2;0,485;5,379E-2
1,134;0,321;1,428;0,366;0,903;0,403;0,467;0,361;9,565E-2;0,324;6,562E-2;0,468;5,375E-2
1,150;0,320;1,429;0,363;0,901;0,390;0,466;0,345;9,597E-2;0,303;6,466E-2;0,451;5,363E-2
1,167;0,320;1,429;0,360;0,900;0,379;0,464;0,329;9,624E-2;0,287;6,429E-2;0,433;5,391E-2
1,184;0,320;1,429;0,356;0,897;0,368;0,463;0,313;9,639E-2;0,274;6,432E-2;0,416;5,338E-2
1,200;0,321;1,428;0,351;0,895;0,357;0,461;0,297;9,668E-2;0,251;6,475E-2;0,399;5,421E-2
1,217;0,320;1,427;0,346;0,893;0,347;0,460;0,280;9,708E-2;0,236;6,775E-2;0,381;5,375E-2
1,234;0,321;1,426;0,341;0,891;0,338;0,459;0,263;9,738E-2;0,222;6,917E-2;0,364;5,380E-2
1,250;0,321;1,424;0,337;0,888;0,328;0,458;0,247;9,779E-2;0,210;6,938E-2;0,346;5,411E-2
1,267;0,322;1,422;0,334;0,886;0,318;0,456;0,230;9,841E-2;0,188;6,982E-2;0,328;5,486E-2
1,284;0,323;1,420;0,331;0,884;0,309;0,455;0,214;9,907E-2;0,176;7,162E-2;0,311;5,435E-2
1,300;0,325;1,418;0,329;0,882;0,298;0,455;0,198;0,100;0,157;7,086E-2;0,294;5,510E-2
1,317;0,326;1,415;0,328;0,880;0,289;0,454;0,185;9,758E-2;0,139;7,665E-2;0,277;5,514E-2
1,334;0,326;1,412;0,327;0,878;0,280;0,454;0,168;0,104;0,117;8,204E-2;0,259;5,514E-2
1,351;0,328;1,408;0,325;0,876;0,272;0,454;0,153;0,108;0,107;8,564E-2;0,241;5,518E-2
1,367;0,328;1,406;0,324;0,875;0,265;0,454;0,131;0,111;8,700E-2;8,964E-2;0,223;5,528E-2
1,384;0,327;1,402;0,323;0,873;0,259;0,454;0,126;0,115;8,026E-2;9,203E-2;0,205;5,551E-2
1,401;0,327;1,399;0,324;0,872;0,257;0,452;0,109;0,119;5,645E-2;0,102;0,189;5,551E-2
1,417;0,326;1,397;0,326;0,871;0,255;0,452;9,034E-2;0,125;3,939E-2;0,110;0,171;5,576E-2
1,434;0,327;1,396;0,328;0,869;0,255;0,452;7,759E-2;0,129;2,748E-2;0,115;0,154;5,593E-2
1,451;0,326;1,396;0,331;0,867;0,257;0,451;6,835E-2;0,138;1,421E-2;0,131;0,137;5,681E-2
1,467;0,326;1,395;0,335;0,867;0,260;0,451;6,360E-2;0,144;6,680E-3;0,139;0,121;5,804E-2
1,484;0,326;1,396;0,340;0,867;0,267;0,450;4,860E-2;0,150;-1,438E-3;0,153;0,106;6,102E-2
1,501;0,327;1,396;0,346;0,867;0,276;0,449;3,813E-2;0,169;-9,556E-3;0,166;9,015E-2;6,386E-2
1,517;0,328;1,399;0,351;0,867;0,289;0,447;4,490E-2;0,180;-2,179E-3;0,185;7,674E-2;6,744E-2
1,534;0,329;1,402;0,357;0,867;0,302;0,446;3,703E-2;0,188;3,804E-3;0,202;6,386E-2;7,103E-2
1,551;0,329;1,404;0,360;0,868;0,318;0,444;4,358E-2;0,198;1,336E-2;0,216;5,754E-2;7,991E-2
1,567;0,328;1,406;0,362;0,868;0,335;0,442;5,771E-2;0,208;2,132E-2;0,230;5,860E-2;9,208E-2
1,584;0,327;1,408;0,363;0,868;0,353;0,441;6,823E-2;0,221;3,107E-2;0,242;6,807E-2;0,105
1,601;0,326;1,410;0,363;0,868;0,373;0,442;8,825E-2;0,224;5,074E-2;0,253;8,154E-2;0,114
1,617;0,324;1,412;0,362;0,869;0,394;0,444;9,498E-2;0,238;6,643E-2;0,256;0,101;0,121
1,634;0,323;1,414;0,360;0,872;0,415;0,448;0,121;0,242;8,708E-2;0,259;0,124;0,125
1,651;0,322;1,417;0,358;0,875;0,433;0,454;0,143;0,241;0,101;0,261;0,151;0,126
1,667;0,320;1,419;0,356;0,879;0,451;0,460;0,163;0,237;0,126;0,256;0,181;0,125
1,684;0,318;1,421;0,356;0,883;0,466;0,468;0,188;0,230;0,152;0,243;0,218;0,122
1,701;0,315;1,423;0,355;0,887;0,480;0,475;0,216;0,221;0,175;0,223;0,254;0,117
1,717;0,313;1,424;0,356;0,891;0,492;0,482;0,245;0,209;0,208;0,208;0,292;0,110
1,734;0,310;1,425;0,357;0,895;0,501;0,489;0,276;0,195;0,241;0,191;0,335;0,102
1,751;0,308;1,424;0,358;0,898;0,510;0,493;0,309;0,180;0,277;0,170;0,378;9,342E-2
1,767;0,306;1,424;0,358;0,900;0,517;0,497;0,346;0,165;0,315;0,148;0,418;8,599E-2
1,784;0,304;1,423;0,358;0,900;0,521;0,500;0,382;0,152;0,355;0,129;0,465;8,072E-2
1,801;0,302;1,421;0,357;0,901;0,524;0,501;0,424;0,135;0,395;0,107;0,512;7,756E-2
1,817;0,300;1,419;0,357;0,900;0,525;0,500;0,468;0,126;0,433;9,840E-2;0,559;7,688E-2
1,834;0,300;1,416;0,356;0,898;0,525;0,498;0,504;0,113;0,478;8,304E-2;0,606;7,956E-2
1,851;0,300;1,414;0,356;0,895;0,524;0,494;0,546;0,107;0,518;7,503E-2;0,650;8,643E-2
1,867;0,300;1,411;0,355;0,890;0,522;0,491;0,583;0,114;0,558;6,385E-2;0,691;9,702E-2
1,884;0,299;1,408;0,354;0,885;0,521;0,488;0,614;0,112;0,589;6,122E-2;0,723;0,110
1,901;0,299;1,404;0,354;0,881;0,520;0,485;0,634;0,116;0,609;6,535E-2;0,746;0,121
1,917;0,298;1,401;0,353;0,876;0,520;0,483;0,653;0,123;0,622;6,533E-2;0,762;0,126
1,934;0,299;1,398;0,353;0,873;0,520;0,480;0,660;0,120;0,638;7,047E-2;0,770;0,128
1,951;0,299;1,395;0,353;0,870;0,519;0,477;0,662;0,120;0,641;6,927E-2;0,771;0,124
1,967;0,300;1,393;0,354;0,869;0,521;0,474;0,652;0,115;0,629;6,294E-2;0,765;0,116
1,984;0,300;1,391;0,355;0,867;0,523;0,472;0,639;0,105;0,621;6,037E-2;0,754;0,105
2,001;0,301;1,390;0,358;0,865;0,525;0,470;0,624;9,686E-2;0,604;5,504E-2;0,738;9,296E-2
2,017;0,301;1,389;0,362;0,864;0,526;0,468;0,612;9,538E-2;0,579;5,349E-2;0,726;8,434E-2
2,034;0,301;1,389;0,367;0,866;0,524;0,468;0,602;9,214E-2;0,578;5,826E-2;0,718;7,817E-2
2,051;0,301;1,390;0,371;0,872;0,524;0,472;0,594;9,716E-2;0,558;6,226E-2;0,704;6,946E-2
2,067;0,302;1,393;0,373;0,878;0,526;0,474;0,577;9,718E-2;0,539;6,309E-2;0,689;6,323E-2
2,084;0,302;1,397;0,375;0,884;0,526;0,476;0,565;9,570E-2;0,524;6,291E-2;0,673;5,883E-2
2,101;0,303;1,401;0,376;0,889;0,522;0,476;0,543;9,299E-2;0,507;6,076E-2;0,655;5,474E-2
2,117;0,304;1,405;0,377;0,893;0,516;0,475;0,531;9,151E-2;0,484;6,119E-2;0,639;5,268E-2
2,134;0,306;1,408;0,377;0,895;0,506;0,474;0,512;9,729E-2;0,473;6,141E-2;0,622;5,206E-2
2,151;0,307;1,411;0,377;0,896;0,497;0,473;0,495;9,172E-2;0,456;6,421E-2;0,604;5,209E-2
2,167;0,309;1,413;0,377;0,899;0,487;0,472;0,478;9,184E-2;0,434;6,465E-2;0,587;5,234E-2
2,184;0,311;1,415;0,377;0,901;0,476;0,471;0,461;9,210E-2;0,418;6,269E-2;0,570;5,297E-2
2,201;0,314;1,418;0,376;0,903;0,464;0,470;0,445;9,216E-2;0,405;6,271E-2;0,553;5,290E-2
2,218;0,319;1,421;0,375;0,904;0,454;0,469;0,428;9,241E-2;0,530;5,193E-2;0,536;5,339E-2
2,234;0,322;1,424;0,372;0,904;0,442;0,469;0,411;9,268E-2;0,371;6,495E-2;0,519;5,307E-2
2,251;0,325;1,427;0,370;0,904;0,429;0,468;0,395;9,285E-2;0,352;5,942E-2;0,501;5,304E-2
2,268;0,328;1,429;0,368;0,905;0,417;0,467;0,377;9,298E-2;0,338;7,056E-2;0,483;5,316E-2
2,284;0,329;1,431;0,365;0,904;0,404;0,467;0,360;9,332E-2;0,319;6,186E-2;0,465;5,327E-2
2,301;0,330;1,433;0,363;0,903;0,391;0,465;0,343;9,349E-2;0,303;6,308E-2;0,447;5,358E-2
2,318;0,331;1,433;0,361;0,901;0,378;0,464;0,326;9,373E-2;0,286;6,092E-2;0,430;5,260E-2
2,334;0,332;1,432;0,359;0,899;0,366;0,463;0,309;9,377E-2;0,267;6,512E-2;0,413;5,153E-2
2,351;0,333;1,432;0,355;0,897;0,354;0,462;0,292;9,376E-2;0,255;6,355E-2;0,398;5,061E-2
2,368;0,334;1,431;0,352;0,894;0,344;0,460;0,283;9,342E-2;0,239;6,318E-2;0,382;5,183E-2
2,384;0,335;1,429;0,348;0,891;0,335;0,458;0,263;9,095E-2;0,216;6,679E-2;0,361;4,928E-2
2,401;0,336;1,426;0,344;0,889;0,326;0,456;0,247;9,298E-2;0,203;6,523E-2;0,342;5,170E-2
2,418;0,336;1,424;0,342;0,886;0,318;0,455;0,234;9,350E-2;0,182;6,268E-2;0,326;5,133E-2
2,434;0,338;1,421;0,339;0,883;0,310;0,454;0,209;9,854E-2;0,169;6,747E-2;0,308;5,220E-2
2,451;0,339;1,419;0,337;0,880;0,303;0,452;0,191;9,632E-2;0,150;7,484E-2;0,291;5,214E-2
2,468;0,341;1,416;0,335;0,878;0,295;0,451;0,179;9,484E-2;0,132;7,428E-2;0,274;5,275E-2
2,484;0,340;1,414;0,334;0,876;0,286;0,450;0,158;0,104;0,123;7,469E-2;0,256;5,276E-2
2,501;0,342;1,410;0,333;0,874;0,279;0,450;0,156;0,104;9,693E-2;8,764E-2;0,238;5,281E-2
2,518;0,342;1,407;0,333;0,872;0,272;0,451;0,135;0,106;8,542E-2;8,944E-2;0,221;5,282E-2
2,534;0,341;1,405;0,334;0,872;0,267;0,451;0,118;0,112;7,351E-2;9,443E-2;0,203;5,308E-2
2,551;0,342;1,402;0,335;0,870;0,263;0,451;0,104;0,114;5,049E-2;9,804E-2;0,186;5,303E-2
2,568;0,342;1,400;0,338;0,870;0,261;0,451;9,083E-2;0,120;3,323E-2;0,107;0,169;5,344E-2
2,584;0,342;1,399;0,341;0,868;0,261;0,451;7,509E-2;0,133;2,392E-2;0,117;0,152;5,353E-2
2,601;0,342;1,398;0,345;0,868;0,263;0,451;6,909E-2;0,132;1,460E-2;0,127;0,135;5,411E-2
2,618;0,341;1,398;0,350;0,867;0,268;0,450;5,110E-2;0,146;-2,626E-4;0,143;0,119;5,547E-2
2,634;0,340;1,398;0,355;0,867;0,276;0,450;4,186E-2;0,155;-4,811E-3;0,154;0,103;5,827E-2
2,651;0,340;1,399;0,360;0,867;0,287;0,449;4,688E-2;0,164;-7,358E-3;0,175;8,859E-2;6,184E-2
2,668;0,340;1,401;0,365;0,867;0,299;0,448;3,829E-2;0,179;-3,768E-3;0,185;7,558E-2;6,564E-2
2,684;0,339;1,404;0,369;0,868;0,314;0,447;5,017E-2;0,187;5,589E-3;0,201;6,441E-2;7,159E-2
2,701;0,339;1,406;0,372;0,869;0,331;0,445;5,109E-2;0,202;2,071E-2;0,222;6,273E-2;8,394E-2
2,718;0,338;1,408;0,373;0,869;0,349;0,442;6,085E-2;0,216;3,046E-2;0,234;6,709E-2;9,722E-2
2,734;0,336;1,410;0,373;0,869;0,369;0,441;7,407E-2;0,229;4,439E-2;0,252;7,930E-2;0,110
2,751;0,335;1,411;0,371;0,870;0,389;0,443;9,168E-2;0,238;5,372E-2;0,255;9,412E-2;0,120
2,768;0,333;1,413;0,370;0,872;0,409;0,446;0,109;0,244;7,379E-2;0,262;0,116;0,126
2,784;0,332;1,415;0,368;0,875;0,428;0,451;0,129;0,245;9,444E-2;0,265;0,140;0,130
2,801;0,330;1,418;0,366;0,878;0,445;0,456;0,151;0,244;0,114;0,261;0,168;0,130
2,818;0,329;1,419;0,365;0,881;0,460;0,462;0,173;0,239;0,131;0,253;0,201;0,129
2,834;0,326;1,421;0,363;0,885;0,473;0,468;0,198;0,231;0,161;0,234;0,235;0,124
2,851;0,324;1,422;0,363;0,889;0,484;0,474;0,223;0,220;0,186;0,218;0,272;0,117
2,868;0,321;1,422;0,364;0,891;0,495;0,480;0,252;0,207;0,214;0,199;0,307;0,109
2,884;0,319;1,422;0,364;0,893;0,503;0,485;0,283;0,191;0,242;0,181;0,346;0,101
2,901;0,317;1,421;0,363;0,895;0,510;0,490;0,321;0,179;0,283;0,161;0,386;9,191E-2
2,918;0,315;1,420;0,362;0,896;0,516;0,492;0,360;0,162;0,316;0,142;0,428;8,429E-2
2,934;0,313;1,419;0,361;0,898;0,520;0,494;0,395;0,144;0,347;0,128;0,471;7,777E-2
2,951;0,311;1,417;0,360;0,898;0,522;0,495;0,436;0,126;0,388;0,106;0,515;7,329E-2
2,968;0,311;1,415;0,359;0,896;0,523;0,494;0,468;0,112;0,439;8,946E-2;0,561;7,241E-2
2,984;0,311;1,413;0,357;0,895;0,522;0,492;0,508;0,113;0,476;7,312E-2;0,607;7,495E-2
3,001;0,310;1,410;0,357;0,892;0,521;0,490;0,550;0,106;0,513;6,472E-2;0,647;8,142E-2
3,018;0,308;1,407;0,355;0,889;0,519;0,487;0,583;0,104;0,551;5,810E-2;0,685;9,147E-2
3,034;0,308;1,404;0,355;0,886;0,517;0,484;0,609;0,103;0,573;5,767E-2;0,713;0,102
3,051;0,308;1,401;0,355;0,882;0,516;0,482;0,629;0,110;0,603;6,139E-2;0,734;0,111
3,068;0,306;1,398;0,356;0,879;0,516;0,480;0,643;0,105;0,617;5,819E-2;0,748;0,114
3,085;0,306;1,395;0,356;0,876;0,517;0,477;0,645;0,110;0,623;6,056E-2;0,755;0,115
3,101;0,306;1,392;0,357;0,874;0,518;0,475;0,641;0,107;0,624;5,421E-2;0,755;0,111
3,118;0,306;1,390;0,358;0,872;0,520;0,473;0,636;0,100;0,611;5,423E-2;0,749;0,103
3,135;0,305;1,389;0,360;0,871;0,523;0,471;0,623;9,635E-2;0,605;5,027E-2;0,736;9,263E-2
3,151;0,304;1,388;0,364;0,869;0,524;0,470;0,609;9,267E-2;0,585;5,110E-2;0,724;8,061E-2
3,168;0,304;1,388;0,368;0,871;0,526;0,470;0,601;9,317E-2;0,572;5,429E-2;0,714;7,405E-2
3,185;0,303;1,388;0,371;0,876;0,527;0,474;0,588;9,291E-2;0,557;6,047E-2;0,700;6,687E-2
3,201;0,302;1,390;0,373;0,882;0,529;0,477;0,684;5,946E-2;0,535;5,297E-2;0,685;6,021E-2
3,218;0,303;1,393;0,374;0,888;0,529;0,477;0,557;9,017E-2;0,525;5,814E-2;0,669;5,463E-2
3,235;0,302;1,398;0,375;0,892;0,525;0,477;0,541;8,936E-2;0,501;5,679E-2;0,652;4,981E-2
3,251;0,302;1,401;0,375;0,895;0,518;0,476;0,525;8,813E-2;0,488;5,840E-2;0,635;4,696E-2
3,268;0,303;1,404;0,377;0,896;0,510;0,475;0,509;8,839E-2;0,472;5,645E-2;0,618;4,643E-2
3,285;0,304;1,407;0,377;0,898;0,501;0,474;0,492;8,834E-2;0,451;5,549E-2;0,600;4,638E-2
3,301;0,306;1,409;0,377;0,900;0,491;0,472;0,475;8,802E-2;0,440;5,412E-2;0,583;4,715E-2
3,318;0,308;1,411;0,377;0,902;0,480;0,472;0,458;8,785E-2;0,417;5,614E-2;0,566;4,739E-2
3,335;0,309;1,413;0,376;0,904;0,470;0,471;0,442;8,810E-2;0,396;5,359E-2;0,548;4,782E-2
3,351;0,312;1,416;0,374;0,904;0,460;0,470;0,425;8,810E-2;0,381;5,659E-2;0,531;4,788E-2
3,368;0,314;1,420;0,372;0,904;0,448;0,468;0,408;8,820E-2;0,352;6,260E-2;0,513;4,801E-2
3,385;0,316;1,422;0,369;0,905;0,437;0,467;0,391;8,875E-2;0,347;6,042E-2;0,495;4,816E-2
3,401;0,318;1,425;0,367;0,905;0,424;0,467;0,374;8,902E-2;0,328;6,125E-2;0,477;4,853E-2
3,418;0,320;1,427;0,365;0,904;0,412;0,466;0,357;8,900E-2;0,310;6,068E-2;0,459;4,868E-2
3,435;0,322;1,429;0,362;0,903;0,400;0,465;0,340;8,928E-2;0,301;5,792E-2;0,442;4,823E-2
3,451;0,323;1,429;0,360;0,902;0,388;0,463;0,323;8,909E-2;0,280;5,537E-2;0,424;4,792E-2
3,468;0,323;1,429;0,357;0,900;0,376;0,461;0,307;8,947E-2;0,262;5,957E-2;0,406;4,779E-2
3,485;0,324;1,429;0,353;0,897;0,364;0,460;0,290;8,946E-2;0,244;6,059E-2;0,388;4,741E-2
3,501;0,325;1,428;0,349;0,894;0,354;0,458;0,272;8,950E-2;0,228;5,863E-2;0,370;4,690E-2
3,518;0,325;1,427;0,345;0,891;0,344;0,457;0,256;8,979E-2;0,216;6,362E-2;0,351;4,610E-2
3,535;0,326;1,425;0,341;0,888;0,335;0,455;0,239;8,996E-2;0,193;6,405E-2;0,334;4,618E-2
3,551;0,327;1,423;0,338;0,885;0,326;0,453;0,222;9,027E-2;0,182;6,268E-2;0,317;4,592E-2
3,568;0,329;1,420;0,336;0,882;0,317;0,451;0,206;9,117E-2;0,158;6,451E-2;0,299;4,631E-2
3,585;0,329;1,418;0,334;0,879;0,308;0,449;0,190;9,205E-2;0,147;6,472E-2;0,282;4,665E-2
3,601;0,329;1,415;0,333;0,877;0,299;0,448;0,174;9,400E-2;0,126;7,032E-2;0,265;4,685E-2
3,618;0,330;1,411;0,332;0,875;0,290;0,448;0,158;9,650E-2;0,113;7,351E-2;0,246;4,704E-2
3,635;0,330;1,408;0,332;0,873;0,282;0,447;0,142;9,979E-2;9,314E-2;7,911E-2;0,228;4,727E-2
3,651;0,330;1,405;0,332;0,871;0,275;0,447;0,127;0,103;8,461E-2;8,289E-2;0,210;4,706E-2
3,668;0,331;1,403;0,334;0,869;0,270;0,446;0,111;0,108;6,398E-2;9,325E-2;0,194;4,745E-2
3,685;0,331;1,401;0,336;0,868;0,267;0,446;9,652E-2;0,113;4,413E-2;9,725E-2;0,177;4,751E-2
3,701;0,331;1,399;0,339;0,867;0,267;0,446;8,201E-2;0,120;3,382E-2;0,102;0,160;4,797E-2
3,718;0,332;1,398;0,343;0,866;0,267;0,446;6,953E-2;0,127;1,795E-2;0,113;0,144;4,869E-2
3,735;0,332;1,397;0,347;0,865;0,271;0,446;5,858E-2;0,135;8,247E-3;0,127;0,129;5,055E-2
3,751;0,332;1,398;0,352;0,866;0,277;0,446;4,927E-2;0,145;3,251E-4;0,139;0,113;5,244E-2
3,768;0,331;1,399;0,357;0,866;0,285;0,445;4,277E-2;0,155;-6,400E-3;0,154;9,759E-2;5,541E-2
3,785;0,333;1,400;0,363;0,865;0,296;0,445;-8,159E-3;0,172;8,107E-2;5,615E-2;8,402E-2;5,887E-2
3,801;0,334;1,403;0,367;0,865;0,309;0,444;4,015E-2;0,180;-4,748E-3;0,193;7,067E-2;6,237E-2
3,818;0,335;1,405;0,372;0,865;0,324;0,443;4,414E-2;0,190;3,731E-3;0,206;5,871E-2;6,895E-2
3,835;0,335;1,407;0,374;0,866;0,339;0,441;5,341E-2;0,202;1,352E-2;0,224;5,716E-2;8,151E-2
3,851;0,333;1,408;0,375;0,866;0,356;0,440;6,325E-2;0,216;2,506E-2;0,239;6,143E-2;9,463E-2
3,868;0,332;1,409;0,375;0,866;0,375;0,440;7,616E-2;0,228;3,664E-2;0,250;7,593E-2;0,107
3,885;0,331;1,411;0,374;0,867;0,395;0,442;9,391E-2;0,236;5,401E-2;0,258;9,401E-2;0,117
3,901;0,330;1,413;0,373;0,868;0,414;0,445;0,112;0,242;7,089E-2;0,262;0,115;0,124
3,918;0,329;1,415;0,371;0,871;0,433;0,449;0,132;0,244;8,970E-2;0,262;0,142;0,128
3,935;0,327;1,418;0,368;0,875;0,451;0,455;0,153;0,243;0,110;0,257;0,172;0,129
3,952;0,325;1,420;0,366;0,879;0,467;0,461;0,178;0,237;0,132;0,249;0,205;0,127
3,968;0,323;1,422;0,366;0,883;0,480;0,467;0,203;0,230;0,156;0,237;0,240;0,124
3,985;0,321;1,424;0,365;0,887;0,493;0,475;0,230;0,219;0,183;0,221;0,276;0,117
4,002;0,319;1,425;0,365;0,892;0,502;0,482;0,259;0,207;0,212;0,204;0,313;0,110
4,018;0,316;1,425;0,365;0,894;0,511;0,487;0,289;0,192;0,244;0,186;0,353;0,102
4,035;0,314;1,425;0,364;0,897;0,519;0,492;0,321;0,177;0,278;0,165;0,394;9,356E-2
4,052;0,312;1,425;0,363;0,899;0,523;0,495;0,356;0,162;0,313;0,144;0,436;8,532E-2
4,068;0,310;1,424;0,363;0,900;0,526;0,498;0,393;0,146;0,352;0,123;0,480;8,000E-2
4,085;0,309;1,422;0,361;0,900;0,527;0,498;0,432;0,132;0,391;0,105;0,527;7,704E-2
4,102;0,309;1,419;0,360;0,898;0,528;0,497;0,471;0,121;0,433;8,873E-2;0,572;7,678E-2
4,118;0,308;1,417;0,359;0,897;0,527;0,495;0,511;0,112;0,475;7,532E-2;0,618;7,951E-2
4,135;0,308;1,415;0,358;0,894;0,525;0,493;0,553;0,114;0,514;6,595E-2;0,659;8,663E-2
4,152;0,307;1,412;0,358;0,891;0,523;0,490;0,589;0,105;0,550;6,212E-2;0,695;9,776E-2
4,168;0,307;1,408;0,358;0,886;0,522;0,487;0,608;0,111;0,579;6,051E-2;0,723;0,109
4,185;0,307;1,405;0,358;0,882;0,521;0,485;0,630;0,116;0,627;0,112;0,743;0,116
4,202;0,307;1,401;0,359;0,879;0,520;0,482;0,641;0,114;0,616;6,253E-2;0,756;0,118
4,218;0,305;1,398;0,359;0,875;0,521;0,479;0,647;0,113;0,629;6,135E-2;0,761;0,118
4,235;0,306;1,394;0,360;0,873;0,522;0,476;0,646;0,110;0,645;0,109;0,760;0,113
4,252;0,306;1,392;0,360;0,871;0,524;0,474;0,639;0,105;0,637;0,104;0,753;0,104
4,268;0,306;1,390;0,362;0,869;0,526;0,472;0,628;9,884E-2;0,604;5,504E-2;0,740;9,474E-2
4,285;0,306;1,389;0,365;0,867;0,528;0,470;0,613;9,470E-2;0,585;5,269E-2;0,728;8,334E-2
4,302;0,307;1,389;0,369;0,869;0,528;0,470;0,605;9,585E-2;0,572;5,588E-2;0,718;7,591E-2
4,318;0,306;1,390;0,373;0,873;0,529;0,474;0,593;9,530E-2;0,555;5,710E-2;0,706;6,814E-2
4,335;0,306;1,392;0,375;0,880;0,530;0,477;0,576;9,435E-2;0,533;5,754E-2;0,691;6,093E-2
4,352;0,306;1,396;0,376;0,886;0,530;0,477;0,562;9,258E-2;0,520;5,756E-2;0,675;5,573E-2
4,368;0,306;1,400;0,378;0,890;0,526;0,477;0,546;9,073E-2;0,501;5,679E-2;0,658;5,087E-2
4,385;0,306;1,403;0,378;0,893;0,519;0,476;0,529;8,970E-2;0,487;5,999E-2;0,641;4,870E-2
4,402;0,306;1,407;0,378;0,895;0,511;0,475;0,512;8,914E-2;0,468;5,923E-2;0,624;4,792E-2
4,418;0,306;1,409;0,378;0,897;0,501;0,474;0,496;8,939E-2;0,455;6,243E-2;0,607;4,748E-2
4,435;0,307;1,412;0,378;0,900;0,491;0,473;0,475;8,660E-2;0,436;6,167E-2;0,589;4,831E-2
4,452;0,309;1,413;0,378;0,902;0,480;0,472;0,471;8,810E-2;0,424;5,375E-2;0,572;4,786E-2
4,468;0,311;1,416;0,377;0,903;0,468;0,471;0,445;8,926E-2;0,401;5,736E-2;0,554;4,798E-2
4,485;0,314;1,418;0,375;0,904;0,457;0,470;0,428;8,929E-2;0,384;5,857E-2;0,536;4,871E-2
4,502;0,317;1,422;0,373;0,905;0,446;0,468;0,411;8,909E-2;0,374;6,058E-2;0,519;4,806E-2
4,518;0,320;1,425;0,371;0,905;0,433;0,468;0,394;8,927E-2;0,345;6,023E-2;0,502;4,809E-2
4,535;0,324;1,427;0,369;0,905;0,421;0,467;0,377;8,957E-2;0,333;5,707E-2;0,484;4,846E-2
4,552;0,326;1,429;0,367;0,904;0,409;0,466;0,360;8,981E-2;0,318;6,166E-2;0,466;4,919E-2
4,568;0,327;1,431;0,364;0,903;0,397;0,464;0,343;9,002E-2;0,304;5,990E-2;0,449;4,883E-2
4,585;0,328;1,432;0,362;0,901;0,386;0,463;0,327;9,032E-2;0,281;6,192E-2;0,431;4,917E-2
4,602;0,328;1,432;0,359;0,900;0,375;0,462;0,311;9,051E-2;0,270;5,896E-2;0,414;4,863E-2
4,618;0,329;1,432;0,356;0,897;0,364;0,460;0,295;9,063E-2;0,247;5,940E-2;0,396;4,846E-2
4,635;0,330;1,431;0,352;0,895;0,354;0,458;0,277;9,088E-2;0,233;5,763E-2;0,378;4,781E-2
4,652;0,330;1,430;0,347;0,893;0,345;0,457;0,261;9,120E-2;0,216;6,362E-2;0,360;4,748E-2
4,668;0,330;1,428;0,343;0,890;0,336;0,456;0,245;9,142E-2;0,198;6,464E-2;0,343;4,759E-2
4,685;0,331;1,425;0,341;0,888;0,326;0,455;0,227;9,210E-2;0,177;6,527E-2;0,326;4,750E-2
4,702;0,331;1,423;0,338;0,885;0,316;0,454;0,211;9,296E-2;0,164;6,688E-2;0,308;4,758E-2
4,718;0,332;1,420;0,337;0,883;0,304;0,453;0,195;9,499E-2;0,151;7,167E-2;0,290;4,773E-2
4,735;0,330;1,417;0,335;0,881;0,294;0,452;0,178;9,738E-2;0,131;7,090E-2;0,272;4,775E-2
4,752;0,332;1,413;0,333;0,879;0,284;0,453;0,162;0,100;0,115;7,530E-2;0,253;4,800E-2
4,768;0,332;1,411;0,332;0,878;0,275;0,454;0,146;0,103;9,216E-2;8,705E-2;0,236;4,805E-2
4,785;0,331;1,407;0,332;0,877;0,267;0,454;0,130;0,107;8,263E-2;8,587E-2;0,219;4,831E-2
4,802;0,330;1,405;0,333;0,876;0,261;0,454;0,115;0,111;6,774E-2;8,888E-2;0,202;4,828E-2
4,819;0,330;1,403;0,334;0,874;0,256;0,454;9,979E-2;0,115;4,890E-2;9,784E-2;0,185;4,860E-2
4,835;0,330;1,400;0,337;0,873;0,254;0,453;8,523E-2;0,120;3,800E-2;0,108;0,168;4,871E-2
4,852;0,330;1,399;0,340;0,872;0,253;0,453;7,186E-2;0,126;2,986E-2;0,108;0,151;4,912E-2
4,869;0,328;1,398;0,344;0,871;0,255;0,453;5,834E-2;0,137;1,082E-2;0,119;0,135;5,001E-2
4,885;0,329;1,397;0,348;0,870;0,259;0,453;4,966E-2;0,142;9,129E-4;0,134;0,120;5,162E-2
4,902;0,329;1,398;0,353;0,870;0,267;0,453;4,097E-2;0,151;-7,401E-3;0,149;0,104;5,368E-2
4,919;0,330;1,400;0,358;0,869;0,277;0,451;3,440E-2;0,161;-1,056E-2;0,161;8,835E-2;5,678E-2
4,935;0,330;1,401;0,363;0,869;0,289;0,450;3,187E-2;0,172;-1,073E-2;0,176;7,484E-2;6,042E-2
4,952;0,331;1,403;0,367;0,868;0,302;0,448;3,278E-2;0,183;-5,335E-3;0,198;6,158E-2;6,445E-2
4,969;0,331;1,405;0,369;0,869;0,318;0,446;3,849E-2;0,194;8,592E-3;0,215;5,464E-2;7,530E-2
4,985;0,331;1,407;0,371;0,868;0,334;0,444;4,714E-2;0,207;1,516E-2;0,228;5,515E-2;8,843E-2
5,002;0,329;1,409;0,371;0,868;0,353;0,442;5,613E-2;0,221;2,987E-2;0,239;6,329E-2;0,102
5,019;0,328;1,410;0,369;0,868;0,373;0,442;7,113E-2;0,232;4,102E-2;0,253;7,694E-2;0,114
5,035;0,326;1,411;0,368;0,869;0,393;0,444;8,902E-2;0,241;5,949E-2;0,260;9,541E-2;0,123
5,052;0,324;1,413;0,365;0,872;0,413;0,448;0,108;0,247;7,697E-2;0,263;0,116;0,131
5,069;0,323;1,415;0,363;0,875;0,431;0,452;0,128;0,250;9,940E-2;0,264;0,143;0,135
5,085;0,321;1,417;0,361;0,878;0,448;0,458;0,149;0,249;0,114;0,261;0,172;0,136
5,102;0,318;1,419;0,360;0,882;0,463;0,464;0,172;0,244;0,140;0,251;0,203;0,134
5,119;0,315;1,421;0,360;0,885;0,476;0,471;0,197;0,236;0,164;0,239;0,236;0,130
5,135;0,313;1,422;0,360;0,889;0,487;0,478;0,222;0,226;0,185;0,224;0,270;0,123
5,152;0,310;1,424;0,360;0,893;0,497;0,483;0,250;0,212;0,218;0,206;0,306;0,115
5,169;0,308;1,424;0,360;0,895;0,506;0,488;0,280;0,198;0,244;0,188;0,344;0,106
5,185;0,306;1,424;0,359;0,897;0,513;0,492;0,312;0,183;0,280;0,170;0,385;9,792E-2
5,202;0,304;1,423;0,359;0,899;0,518;0,495;0,346;0,166;0,311;0,143;0,427;8,989E-2
5,219;0,302;1,423;0,358;0,900;0,522;0,496;0,382;0,150;0,344;0,121;0,471;8,299E-2
5,235;0,301;1,421;0,356;0,899;0,524;0,495;0,419;0,135;0,391;0,109;0,517;7,848E-2
5,252;0,301;1,419;0,355;0,897;0,524;0,494;0,458;0,122;0,437;9,244E-2;0,561;7,569E-2
5,269;0,301;1,417;0,354;0,895;0,523;0,491;0,496;0,112;0,472;7,749E-2;0,608;7,696E-2
5,285;0,301;1,414;0,352;0,891;0,521;0,488;0,535;0,107;0,506;6,711E-2;0,648;8,376E-2
5,302;0,301;1,411;0,351;0,887;0,518;0,485;0,569;0,105;0,550;6,446E-2;0,685;9,287E-2
5,319;0,301;1,407;0,351;0,883;0,517;0,483;0,597;0,107;0,578;5,984E-2;0,713;0,103
5,335;0,300;1,404;0,351;0,879;0,516;0,480;0,618;0,109;0,597;6,061E-2;0,733;0,109
5,352;0,301;1,400;0,352;0,876;0,516;0,477;0,635;0,110;0,618;5,839E-2;0,745;0,113
5,369;0,301;1,398;0,352;0,873;0,517;0,475;0,636;0,109;0,617;5,819E-2;0,751;0,112
5,385;0,301;1,395;0,353;0,871;0,518;0,473;0,633;0,106;0,606;5,364E-2;0,748;0,106
5,402;0,301;1,392;0,353;0,869;0,518;0,470;0,623;9,917E-2;0,597;4,929E-2;0,738;9,490E-2
5,419;0,300;1,390;0,356;0,867;0,520;0,468;0,608;9,393E-2;0,578;4,694E-2;0,723;8,160E-2
5,435;0,301;1,389;0,359;0,868;0,520;0,468;0,599;9,520E-2;0,566;5,351E-2;0,711;7,480E-2
5,452;0,301;1,390;0,362;0,873;0,522;0,472;0,587;9,575E-2;0,549;5,791E-2;0,698;6,713E-2
5,469;0,300;1,393;0,364;0,879;0,524;0,475;0,570;9,406E-2;0,533;5,595E-2;0,682;6,017E-2
5,485;0,300;1,396;0,366;0,885;0,524;0,476;0,556;9,246E-2;0,515;5,856E-2;0,667;5,526E-2
5,502;0,301;1,401;0,368;0,889;0,519;0,476;0,539;9,111E-2;0,497;5,799E-2;0,650;5,160E-2
5,519;0,301;1,405;0,369;0,892;0,513;0,476;0,523;9,037E-2;0,486;5,662E-2;0,632;4,912E-2
5,535;0,301;1,409;0,370;0,894;0,504;0,475;0,507;8,998E-2;0,468;5,923E-2;0,615;4,861E-2
5,552;0,301;1,413;0,370;0,897;0,494;0,474;0,489;8,932E-2;0,443;5,610E-2;0,598;4,849E-2
5,569;0,303;1,415;0,371;0,899;0,484;0,472;0,473;8,935E-2;0,435;5,512E-2;0,579;4,897E-2
5,585;0,305;1,417;0,371;0,901;0,473;0,471;0,455;8,933E-2;0,409;5,834E-2;0,561;4,880E-2
5,602;0,308;1,420;0,371;0,902;0,463;0,470;0,439;8,930E-2;0,397;5,696E-2;0,545;4,866E-2
5,619;0,311;1,422;0,369;0,904;0,453;0,469;0,422;8,939E-2;0,381;5,659E-2;0,527;4,893E-2
5,635;0,316;1,425;0,367;0,904;0,444;0,468;0,405;8,971E-2;0,365;6,099E-2;0,510;4,876E-2
5,652;0,319;1,427;0,364;0,904;0,433;0,467;0,388;8,994E-2;0,344;5,527E-2;0,492;4,820E-2
5,669;0,322;1,430;0,362;0,903;0,423;0,465;0,371;9,040E-2;0,329;6,144E-2;0,474;4,816E-2
5,686;0,324;1,432;0,359;0,903;0,413;0,464;0,354;9,101E-2;0,313;6,266E-2;0,457;4,827E-2
5,702;0,325;1,432;0,357;0,902;0,403;0,462;0,338;9,102E-2;0,291;5,833E-2;0,440;4,828E-2
5,719;0,325;1,432;0,355;0,900;0,392;0,461;0,321;9,073E-2;0,281;6,033E-2;0,422;4,815E-2
5,736;0,325;1,432;0,352;0,897;0,380;0,460;0,305;9,110E-2;0,257;5,898E-2;0,406;4,805E-2
5,752;0,325;1,431;0,350;0,896;0,369;0,458;0,288;9,142E-2;0,252;5,998E-2;0,388;4,806E-2
5,769;0,324;1,430;0,347;0,894;0,358;0,457;0,271;9,159E-2;0,229;6,201E-2;0,370;4,827E-2
5,786;0,324;1,429;0,344;0,891;0,346;0,455;0,254;9,177E-2;0,208;6,105E-2;0,352;4,817E-2
5,802;0,323;1,427;0,341;0,889;0,335;0,454;0,238;9,203E-2;0,197;6,127E-2;0,335;4,850E-2
5,819;0,323;1,425;0,338;0,886;0,323;0,453;0,222;9,282E-2;0,181;6,248E-2;0,318;4,844E-2
5,836;0,323;1,422;0,335;0,883;0,312;0,451;0,205;9,351E-2;0,161;6,172E-2;0,301;4,866E-2
5,852;0,323;1,419;0,333;0,881;0,301;0,450;0,188;9,449E-2;0,142;6,572E-2;0,283;4,885E-2
5,869;0,324;1,417;0,330;0,878;0,291;0,449;0,172;9,704E-2;0,123;6,992E-2;0,265;4,907E-2
5,886;0,323;1,414;0,327;0,876;0,281;0,449;0,155;9,985E-2;0,108;7,769E-2;0,246;4,952E-2
5,902;0,323;1,410;0,325;0,875;0,272;0,449;0,139;0,103;9,255E-2;8,387E-2;0,228;4,958E-2
5,919;0,323;1,408;0,324;0,874;0,265;0,450;0,123;0,107;7,984E-2;8,230E-2;0,210;4,957E-2
5,936;0,323;1,406;0,324;0,873;0,260;0,450;0,108;0,111;6,022E-2;9,762E-2;0,193;4,984E-2
5,952;0,323;1,404;0,325;0,872;0,256;0,451;9,359E-2;0,116;5,049E-2;9,804E-2;0,176;4,985E-2
5,969;0,323;1,403;0,327;0,871;0,255;0,451;8,008E-2;0,122;3,025E-2;0,105;0,160;5,028E-2
5,986;0,323;1,402;0,329;0,870;0,256;0,451;6,716E-2;0,129;1,042E-2;0,122;0,144;5,110E-2
6,002;0,323;1,401;0,332;0,870;0,259;0,450;5,600E-2;0,137;6,266E-3;0,130;0,128;5,216E-2
6,019;0,323;1,401;0,337;0,870;0,265;0,450;4,634E-2;0,145;-8,206E-3;0,142;0,113;5,474E-2
6,036;0,322;1,402;0,341;0,870;0,274;0,450;3,927E-2;0,156;-1,056E-2;0,161;9,755E-2;5,812E-2
6,052;0,321;1,403;0,345;0,870;0,284;0,449;3,566E-2;0,167;-9,752E-3;0,168;8,381E-2;6,154E-2
6,069;0,321;1,405;0,350;0,871;0,296;0,448;3,599E-2;0,178;-2,571E-3;0,188;7,056E-2;6,547E-2
6,086;0,321;1,408;0,353;0,871;0,311;0,447;3,958E-2;0,189;-1,745E-3;0,208;5,843E-2;7,205E-2
6,102;0,320;1,410;0,357;0,871;0,326;0,446;4,669E-2;0,202;1,238E-2;0,224;5,365E-2;8,356E-2
6,119;0,319;1,411;0,358;0,870;0,343;0,444;5,512E-2;0,214;2,689E-2;0,237;5,660E-2;9,616E-2
6,136;0,317;1,413;0,358;0,870;0,360;0,443;6,627E-2;0,227;3,505E-2;0,249;6,854E-2;0,109
6,152;0,316;1,413;0,357;0,871;0,377;0,444;8,362E-2;0,235;5,631E-2;0,260;8,394E-2;0,118
6,169;0,314;1,414;0,355;0,872;0,395;0,447;0,101;0,240;6,465E-2;0,258;0,104;0,123
6,186;0,313;1,416;0,352;0,874;0,413;0,451;0,121;0,241;8,391E-2;0,259;0,129;0,125
6,202;0,313;1,418;0,350;0,877;0,430;0,455;0,142;0,238;0,101;0,254;0,158;0,125
6,219;0,312;1,420;0,347;0,879;0,446;0,461;0,164;0,233;0,128;0,245;0,190;0,122
6,236;0,311;1,422;0,345;0,883;0,459;0,468;0,189;0,224;0,145;0,232;0,226;0,118
6,252;0,309;1,424;0,342;0,886;0,470;0,475;0,215;0,214;0,175;0,212;0,261;0,112
6,269;0,308;1,426;0,342;0,889;0,479;0,481;0,243;0,201;0,206;0,195;0,298;0,106
6,286;0,306;1,426;0,341;0,892;0,488;0,486;0,274;0,188;0,240;0,184;0,336;9,895E-2
6,302;0,305;1,426;0,341;0,895;0,495;0,490;0,306;0,173;0,275;0,158;0,376;9,139E-2
6,319;0,304;1,425;0,338;0,896;0,500;0,494;0,339;0,159;0,307;0,139;0,416;8,436E-2
6,336;0,301;1,424;0,337;0,897;0,503;0,496;0,373;0,145;0,338;0,119;0,459;7,974E-2
6,352;0,301;1,423;0,336;0,898;0,504;0,498;0,411;0,133;0,373;0,101;0,502;7,719E-2
6,369;0,301;1,421;0,335;0,897;0,505;0,497;0,447;0,121;0,420;8,552E-2;0,545;7,633E-2
6,386;0,301;1,419;0,334;0,896;0,505;0,495;0,488;0,111;0,455;7,692E-2;0,589;7,956E-2
6,402;0,302;1,416;0,334;0,893;0,503;0,492;0,521;0,107;0,495;6,733E-2;0,631;8,694E-2
6,419;0,302;1,414;0,335;0,890;0,500;0,489;0,558;0,103;0,524;6,132E-2;0,665;9,684E-2
6,436;0,301;1,411;0,336;0,887;0,499;0,486;0,584;0,106;0,558;6,067E-2;0,694;0,107
6,452;0,302;1,407;0,337;0,884;0,497;0,483;0,600;0,110;0,578;5,984E-2;0,715;0,116
6,469;0,301;1,404;0,338;0,880;0,496;0,480;0,620;0,111;0,600;6,418E-2;0,729;0,120
6,486;0,301;1,400;0,338;0,877;0,496;0,477;0,626;0,115;0,603;6,139E-2;0,737;0,121
6,502;0,300;1,397;0,340;0,874;0,497;0,475;0,631;0,108;0,605;5,841E-2;0,738;0,117
6,519;0,299;1,394;0,341;0,872;0,499;0,473;0,623;0,103;0,598;5,584E-2;0,733;0,109
6,536;0,298;1,391;0,342;0,870;0,502;0,471;0,612;9,738E-2;0,585;5,269E-2;0,722;9,926E-2
6,552;0,297;1,390;0,344;0,868;0,504;0,469;0,597;8,740E-2;0,572;5,112E-2;0,709;8,816E-2
6,569;0,297;1,389;0,349;0,868;0,504;0,468;0,588;9,442E-2;0,554;5,532E-2;0,700;7,878E-2
6,586;0,297;1,389;0,353;0,871;0,506;0,471;0,582;9,167E-2;0,533;5,436E-2;0,688;7,051E-2
6,603;0,295;1,391;0,354;0,877;0,508;0,474;0,566;9,370E-2;0,515;5,697E-2;0,672;6,302E-2
6,619;0,296;1,395;0,357;0,883;0,509;0,475;0,546;9,123E-2;0,507;5,758E-2;0,656;5,719E-2
6,636;0,296;1,399;0,358;0,888;0,507;0,476;0,532;8,951E-2;0,487;6,158E-2;0,640;5,135E-2
6,653;0,296;1,404;0,359;0,892;0,501;0,476;0,511;8,904E-2;0,468;5,923E-2;0,623;4,942E-2
6,669;0,297;1,409;0,360;0,894;0,493;0,474;0,499;8,756E-2;0,459;5,647E-2;0,606;4,884E-2
6,686;0,298;1,412;0,361;0,896;0,484;0,473;0,479;8,509E-2;0,443;5,610E-2;0,588;4,794E-2
6,703;0,300;1,414;0,361;0,898;0,475;0,472;0,461;8,687E-2;0,421;5,990E-2;0,570;4,835E-2
6,719;0,302;1,416;0,362;0,901;0,464;0,471;0,446;9,115E-2;0,404;5,775E-2;0,553;4,832E-2
6,736;0,306;1,419;0,361;0,903;0,454;0,470;0,428;8,893E-2;0,386;5,718E-2;0,536;4,837E-2
6,753;0,309;1,421;0,360;0,904;0,444;0,469;0,410;8,670E-2;0,365;5,940E-2;0,519;4,846E-2
6,769;0,312;1,424;0,359;0,904;0,433;0,468;0,398;8,522E-2;0,357;5,842E-2;0,502;4,793E-2
6,786;0,315;1,427;0,357;0,904;0,421;0,467;0,379;9,101E-2;0,336;5,746E-2;0,484;4,838E-2
6,803;0,317;1,429;0,356;0,904;0,410;0,466;0,357;9,029E-2;0,320;6,027E-2;0,466;4,882E-2
6,819;0,318;1,430;0,354;0,903;0,398;0,464;0,350;9,155E-2;0,302;6,288E-2;0,448;4,875E-2
6,836;0,319;1,430;0,353;0,902;0,387;0,463;0,332;8,933E-2;0,287;6,429E-2;0,431;4,929E-2
6,853;0,318;1,431;0,352;0,901;0,375;0,461;0,316;9,136E-2;0,261;6,116E-2;0,414;4,884E-2
6,869;0,319;1,430;0,350;0,899;0,364;0,460;0,298;9,114E-2;0,254;6,018E-2;0,397;4,888E-2
6,886;0,319;1,430;0,348;0,896;0,353;0,459;0,280;8,892E-2;0,234;5,942E-2;0,379;4,879E-2
6,903;0,318;1,429;0,346;0,894;0,343;0,457;0,265;9,320E-2;0,219;6,242E-2;0,360;4,915E-2
6,919;0,318;1,427;0,343;0,891;0,334;0,456;0,247;9,097E-2;0,197;6,444E-2;0,342;4,970E-2
6,936;0,319;1,424;0,339;0,888;0,325;0,454;0,233;8,925E-2;0,190;6,366E-2;0,325;4,958E-2
6,953;0,320;1,422;0,337;0,886;0,316;0,453;0,214;9,503E-2;0,166;6,072E-2;0,308;5,006E-2
6,969;0,320;1,419;0,334;0,883;0,306;0,452;0,200;9,530E-2;0,147;7,127E-2;0,291;4,984E-2
6,986;0,320;1,417;0,332;0,881;0,296;0,452;0,181;9,508E-2;0,141;7,049E-2;0,273;5,012E-2
7,003;0,321;1,414;0,330;0,878;0,286;0,451;0,163;9,887E-2;0,121;7,767E-2;0,255;5,025E-2
7,019;0,321;1,412;0,329;0,877;0,277;0,452;0,148;0,101;9,930E-2;8,148E-2;0,237;5,062E-2
7,036;0,320;1,409;0,328;0,876;0,270;0,452;0,127;0,105;8,283E-2;8,428E-2;0,219;5,071E-2
7,053;0,321;1,406;0,328;0,875;0,264;0,452;0,119;0,108;6,557E-2;9,345E-2;0,201;5,115E-2
7,069;0,321;1,404;0,329;0,874;0,261;0,452;0,104;0,114;5,386E-2;9,684E-2;0,185;5,097E-2
7,086;0,321;1,402;0,330;0,873;0,259;0,451;8,707E-2;0,118;4,017E-2;0,103;0,167;5,104E-2
7,103;0,322;1,400;0,333;0,872;0,260;0,451;7,808E-2;0,125;2,609E-2;0,113;0,151;5,176E-2
7,119;0,322;1,400;0,337;0,870;0,263;0,450;6,308E-2;0,131;8,443E-3;0,125;0,135;5,299E-2
7,136;0,322;1,399;0,342;0,869;0,268;0,450;5,360E-2;0,142;7,267E-3;0,135;0,120;5,564E-2
7,153;0,322;1,399;0,347;0,869;0,275;0,449;5,061E-2;0,150;-7,401E-3;0,149;0,104;5,869E-2
7,169;0,320;1,399;0,352;0,869;0,286;0,448;4,663E-2;0,166;-3,789E-3;0,172;9,023E-2;6,225E-2
7,186;0,320;1,401;0,357;0,869;0,299;0,447;4,364E-2;0,174;4,101E-4;0,190;7,798E-2;6,590E-2
7,203;0,320;1,403;0,361;0,869;0,315;0,446;4,666E-2;0,182;1,175E-2;0,203;6,743E-2;7,245E-2
7,219;0,319;1,405;0,364;0,869;0,331;0,445;5,045E-2;0,200;2,289E-2;0,217;6,357E-2;8,493E-2
7,236;0,318;1,408;0,365;0,870;0,350;0,443;6,037E-2;0,214;3,562E-2;0,232;6,769E-2;9,792E-2
7,253;0,316;1,410;0,365;0,870;0,368;0,443;7,258E-2;0,227;3,862E-2;0,247;8,106E-2;0,111
7,269;0,314;1,411;0,364;0,871;0,387;0,445;8,945E-2;0,236;6,365E-2;0,253;9,632E-2;0,121
7,286;0,312;1,413;0,362;0,872;0,406;0,449;0,109;0,242;7,616E-2;0,256;0,117;0,127
7,303;0,310;1,415;0,360;0,875;0,425;0,453;0,130;0,245;9,840E-2;0,259;0,142;0,130
7,319;0,309;1,417;0,358;0,877;0,442;0,458;0,151;0,244;0,121;0,255;0,170;0,130
7,336;0,307;1,419;0,356;0,881;0,457;0,464;0,174;0,239;0,141;0,250;0,202;0,129
7,353;0,305;1,421;0,354;0,885;0,470;0,471;0,198;0,232;0,166;0,235;0,236;0,124
7,369;0,303;1,423;0,353;0,888;0,481;0,477;0,225;0,221;0,194;0,219;0,271;0,118
7,386;0,301;1,424;0,353;0,892;0,491;0,483;0,253;0,208;0,220;0,203;0,307;0,111
7,403;0,298;1,424;0,353;0,894;0,499;0,489;0,283;0,194;0,246;0,187;0,346;0,103
7,419;0,296;1,423;0,353;0,896;0,506;0,493;0,322;0,171;0,281;0,167;0,386;9,425E-2
7,436;0,295;1,422;0,352;0,897;0,511;0,496;0,348;0,162;0,316;0,140;0,427;8,592E-2
7,453;0,293;1,421;0,351;0,899;0,514;0,497;0,392;0,148;0,351;0,124;0,472;7,986E-2
7,470;0,292;1,419;0,349;0,898;0,516;0,497;0,429;0,132;0,398;0,105;0,516;7,569E-2
7,486;0,291;1,417;0,348;0,897;0,516;0,496;0,463;0,120;0,437;8,926E-2;0,560;7,470E-2
7,503;0,291;1,415;0,347;0,895;0,515;0,494;0,500;0,112;0,465;7,492E-2;0,606;7,771E-2
7,520;0,291;1,413;0,347;0,892;0,512;0,491;0,540;0,103;0,509;6,432E-2;0,647;8,436E-2
7,536;0,292;1,410;0,346;0,889;0,510;0,488;0,574;0,105;0,544;5,573E-2;0,683;9,608E-2
7,553;0,292;1,408;0,346;0,885;0,506;0,485;0,601;0,104;0,565;5,828E-2;0,712;0,109
7,570;0,291;1,406;0,347;0,881;0,504;0,482;0,620;0,111;0,594;6,180E-2;0,732;0,118
7,586;0,292;1,403;0,346;0,878;0,503;0,480;0,628;0,112;0,604;5,980E-2;0,743;0,123
7,603;0,292;1,401;0,346;0,876;0,503;0,478;0,639;0,111;0,613;6,098E-2;0,748;0,122
7,620;0,292;1,399;0,347;0,874;0,504;0,476;0,637;0,109;0,610;6,376E-2;0,746;0,118
7,636;0,292;1,397;0,347;0,873;0,506;0,474;0,623;0,105;0,600;5,941E-2;0,737;0,109
7,653;0,292;1,396;0,348;0,872;0,508;0,473;0,608;9,688E-2;0,583;5,408E-2;0,723;9,847E-2
7,670;0,291;1,395;0,350;0,872;0,510;0,472;0,596;9,140E-2;0,561;5,292E-2;0,709;8,999E-2
7,686;0,291;1,395;0,354;0,873;0,511;0,472;0,586;9,417E-2;0,550;5,155E-2;0,701;8,358E-2
7,703;0,291;1,396;0,358;0,877;0,511;0,475;0,578;9,518E-2;0,531;5,893E-2;0,690;7,583E-2
7,720;0,290;1,397;0,360;0,883;0,512;0,477;0,560;9,296E-2;0,515;6,015E-2;0,673;6,898E-2
7,736;0,290;1,401;0,362;0,888;0,512;0,477;0,544;8,898E-2;0,507;5,758E-2;0,658;6,310E-2
7,753;0,290;1,403;0,363;0,892;0,509;0,477;0,528;8,701E-2;0,483;5,782E-2;0,641;5,818E-2
7,770;0,290;1,407;0,364;0,894;0,504;0,476;0,518;8,578E-2;0,471;6,121E-2;0,625;5,477E-2
7,786;0,292;1,410;0,364;0,896;0,495;0,475;0,491;8,457E-2;0,457;5,786E-2;0,607;5,387E-2
7,803;0,292;1,411;0,365;0,898;0,486;0,474;0,481;8,734E-2;0,436;5,531E-2;0,590;5,274E-2
7,820;0,296;1,413;0,365;0,900;0,476;0,473;0,468;8,986E-2;0,414;5,734E-2;0,572;5,270E-2
7,836;0,298;1,415;0,364;0,902;0,466;0,471;0,447;8,514E-2;0,402;5,596E-2;0,554;5,301E-2
7,853;0,302;1,417;0,363;0,903;0,455;0,471;0,428;8,692E-2;0,382;5,342E-2;0,537;5,306E-2
7,870;0,306;1,419;0,361;0,904;0,446;0,470;0,414;8,920E-2;0,372;5,542E-2;0,520;5,354E-2
7,886;0,309;1,422;0,359;0,904;0,435;0,469;0,396;8,698E-2;0,345;6,023E-2;0,503;5,329E-2
7,903;0,313;1,425;0,356;0,904;0,424;0,469;0,375;8,651E-2;0,339;6,103E-2;0,485;5,337E-2
7,920;0,315;1,428;0,355;0,904;0,413;0,468;0,361;8,879E-2;0,320;5,868E-2;0,467;5,379E-2
7,936;0,317;1,430;0,353;0,903;0,401;0,466;0,343;8,857E-2;0,305;5,851E-2;0,450;5,349E-2
7,953;0,319;1,431;0,351;0,902;0,389;0,464;0,333;8,733E-2;0,289;5,655E-2;0,433;5,349E-2
7,970;0,320;1,432;0,349;0,901;0,376;0,463;0,310;9,262E-2;0,258;5,918E-2;0,415;5,289E-2
7,986;0,321;1,431;0,347;0,898;0,362;0,462;0,294;9,065E-2;0,248;6,277E-2;0,398;5,178E-2
8,003;0,320;1,430;0,344;0,896;0,350;0,461;0,284;8,941E-2;0,239;6,318E-2;0,380;5,148E-2
8,020;0,321;1,428;0,341;0,893;0,338;0,459;0,265;9,320E-2;0,223;6,122E-2;0,362;5,137E-2
8,036;0,321;1,426;0,338;0,891;0,326;0,457;0,247;9,097E-2;0,197;6,285E-2;0,344;5,219E-2
8,053;0,321;1,424;0,335;0,888;0,315;0,456;0,227;9,051E-2;0,177;6,209E-2;0,327;5,228E-2
8,070;0,322;1,421;0,333;0,885;0,304;0,454;0,212;9,278E-2;0,163;6,351E-2;0,310;5,260E-2
8,086;0,322;1,418;0,331;0,882;0,293;0,453;0,202;9,355E-2;0,150;6,512E-2;0,293;5,261E-2
8,103;0,323;1,414;0,329;0,880;0,284;0,452;0,181;9,508E-2;0,131;6,931E-2;0,276;5,311E-2
8,120;0,323;1,411;0,327;0,877;0,275;0,451;0,159;9,437E-2;0,112;7,173E-2;0,258;5,272E-2
8,136;0,323;1,407;0,325;0,875;0,267;0,450;0,137;9,566E-2;9,710E-2;7,314E-2;0,241;5,303E-2
8,153;0,323;1,404;0,325;0,872;0,261;0,449;0,130;0,101;8,043E-2;7,754E-2;0,223;5,308E-2
8,170;0,324;1,401;0,325;0,870;0,256;0,449;0,111;0,107;6,992E-2;8,431E-2;0,205;5,317E-2
8,186;0,325;1,399;0,326;0,868;0,253;0,449;0,105;0,108;5,604E-2;9,227E-2;0,187;5,349E-2
8,203;0,325;1,397;0,329;0,867;0,253;0,448;8,757E-2;0,114;3,482E-2;0,107;0,171;5,386E-2
8,220;0,325;1,396;0,333;0,867;0,253;0,448;7,232E-2;0,122;2,431E-2;0,114;0,154;5,389E-2
8,236;0,325;1,396;0,338;0,866;0,256;0,449;6,308E-2;0,131;3,677E-3;0,125;0,137;5,469E-2
8,253;0,324;1,397;0,343;0,867;0,262;0,449;5,058E-2;0,134;-2,852E-3;0,138;0,122;5,638E-2
8,270;0,325;1,399;0,349;0,868;0,271;0,449;4,235E-2;0,151;-1,038E-2;0,147;0,106;5,896E-2
8,286;0,325;1,401;0,354;0,869;0,280;0,450;3,961E-2;0,157;-1,293E-2;0,168;9,264E-2;6,219E-2
8,303;0,327;1,403;0,360;0,870;0,293;0,449;4,238E-2;0,167;-9,730E-3;0,181;8,045E-2;6,583E-2
8,320;0,327;1,406;0,363;0,871;0,307;0,448;4,490E-2;0,180;-5,695E-4;0,198;7,021E-2;7,174E-2
8,337;0,327;1,409;0,366;0,872;0,322;0,447;5,543E-2;0,193;8,592E-3;0,215;6,381E-2;8,210E-2
8,353;0,326;1,411;0,368;0,873;0,338;0,446;5,771E-2;0,208;1,656E-2;0,229;6,596E-2;9,463E-2
8,370;0,324;1,413;0,368;0,874;0,356;0,447;6,419E-2;0,227;3,266E-2;0,243;7,648E-2;0,108
8,387;0,323;1,414;0,367;0,874;0,375;0,448;8,024E-2;0,236;4,598E-2;0,252;9,063E-2;0,119
8,403;0,321;1,416;0,366;0,876;0,394;0,451;9,744E-2;0,242;6,365E-2;0,253;0,110;0,127
8,420;0,320;1,418;0,363;0,878;0,413;0,455;0,117;0,246;9,026E-2;0,259;0,134;0,132
8,437;0,318;1,418;0,361;0,881;0,431;0,460;0,138;0,246;0,103;0,259;0,161;0,135
8,453;0,316;1,420;0,358;0,884;0,447;0,465;0,159;0,243;0,122;0,254;0,192;0,134
8,470;0,313;1,421;0,357;0,887;0,461;0,471;0,182;0,237;0,149;0,242;0,224;0,131
8,487;0,311;1,422;0,356;0,890;0,474;0,477;0,208;0,228;0,171;0,229;0,257;0,126
8,503;0,309;1,422;0,356;0,893;0,486;0,483;0,235;0,217;0,195;0,211;0,293;0,119
8,520;0,307;1,422;0,356;0,895;0,496;0,488;0,264;0,204;0,229;0,197;0,332;0,111
8,537;0,306;1,421;0,356;0,896;0,504;0,492;0,295;0,189;0,262;0,176;0,370;0,101
8,553;0,304;1,421;0,355;0,897;0,511;0,495;0,328;0,173;0,294;0,154;0,412;9,332E-2
8,570;0,302;1,420;0,354;0,899;0,515;0,497;0,363;0,157;0,334;0,139;0,453;8,562E-2
8,587;0,301;1,418;0,354;0,898;0,518;0,498;0,399;0,141;0,371;0,113;0,497;8,078E-2
8,603;0,301;1,416;0,353;0,897;0,520;0,496;0,441;0,131;0,413;9,764E-2;0,542;7,749E-2
8,620;0,301;1,414;0,352;0,895;0,519;0,494;0,480;0,114;0,453;7,832E-2;0,588;7,737E-2
8,637;0,301;1,412;0,351;0,893;0,518;0,491;0,517;0,110;0,496;6,752E-2;0,631;8,161E-2
8,653;0,302;1,410;0,351;0,890;0,515;0,488;0,556;0,105;0,531;5,734E-2;0,672;8,975E-2
8,670;0,301;1,407;0,350;0,887;0,512;0,485;0,585;0,100;0,565;5,987E-2;0,703;0,102
8,687;0,301;1,404;0,350;0,883;0,510;0,481;0,606;0,109;0,587;6,102E-2;0,728;0,113
8,703;0,301;1,402;0,351;0,879;0,509;0,478;0,625;0,107;0,603;6,298E-2;0,744;0,121
8,720;0,301;1,398;0,352;0,877;0,508;0,476;0,641;0,111;0,615;5,800E-2;0,744;0,101
8,737;0,301;1,396;0,352;0,874;0,509;0,474;0,639;0,107;0,613;5,780E-2;0,749;9,867E-2
8,753;0,301;1,394;0,354;0,873;0,511;0,472;0,630;0,102;0,599;5,445E-2;0,740;9,273E-2
8,770;0,301;1,392;0,356;0,872;0,513;0,471;0,618;9,612E-2;0,588;5,308E-2;0,727;8,958E-2
8,787;0,300;1,391;0,358;0,871;0,516;0,470;0,600;9,463E-2;0,571;4,616E-2;0,712;7,967E-2
8,803;0,299;1,391;0,363;0,872;0,517;0,470;0,593;9,570E-2;0,556;5,075E-2;0,701;6,699E-2
8,820;0,300;1,392;0,367;0,878;0,519;0,475;0,579;9,504E-2;0,538;5,654E-2;0,696;6,640E-2
8,837;0,299;1,395;0,369;0,884;0,521;0,478;0,563;9,456E-2;0,526;6,152E-2;0,676;5,909E-2
8,853;0,298;1,397;0,370;0,889;0,521;0,478;0,549;9,260E-2;0,508;6,095E-2;0,664;5,434E-2
8,870;0,297;1,401;0,371;0,893;0,518;0,478;0,532;9,143E-2;0,489;6,019E-2;0,645;4,881E-2
8,887;0,297;1,404;0,373;0,895;0,511;0,476;0,517;9,078E-2;0,474;6,160E-2;0,628;4,666E-2
8,903;0,298;1,407;0,373;0,896;0,503;0,475;0,501;9,008E-2;0,461;6,321E-2;0,604;4,213E-2
8,920;0,300;1,409;0,374;0,898;0,494;0,474;0,485;9,052E-2;0,444;6,106E-2;0,583;4,594E-2
8,937;0,303;1,412;0,375;0,900;0,484;0,473;0,468;9,071E-2;0,425;6,526E-2;0,571;4,933E-2
8,953;0,305;1,414;0,374;0,903;0,472;0,472;0,450;9,049E-2;0,405;5,953E-2;0,553;4,877E-2
8,970;0,307;1,417;0,372;0,905;0,461;0,471;0,434;9,064E-2;0,394;5,975E-2;0,542;5,057E-2
8,987;0,311;1,420;0,370;0,905;0,449;0,470;0,419;9,194E-2;0,378;6,097E-2;0,521;4,803E-2
9,003;0,315;1,423;0,368;0,905;0,438;0,469;0,399;9,045E-2;0,359;5,862E-2;0,504;4,587E-2
