#multi:
;A;;T;;E;;M;;C;;5Mt;;
t;x;y;x;y;x;y;x;y;x;y;x;y;
0,000;0,376;1,404;0,411;0,884;0,568;0,483;0,486;0,112;0,445;8,604E-2;0,580;5,354E-2
0,017;0,374;1,402;0,410;0,883;0,569;0,481;0,528;0,101;0,486;7,031E-2;0,630;5,478E-2
0,033;0,373;1,399;0,410;0,880;0,569;0,479;0,569;9,404E-2;0,531;5,788E-2;0,677;6,003E-2
0,050;0,372;1,396;0,410;0,876;0,568;0,475;0,606;9,150E-2;0,570;4,979E-2;0,716;6,895E-2
0,067;0,371;1,393;0,410;0,871;0,566;0,472;0,639;9,236E-2;0,607;4,679E-2;0,752;8,137E-2
0,083;0,370;1,389;0,411;0,866;0,565;0,467;0,665;9,558E-2;0,636;4,727E-2;0,776;9,162E-2
0,100;0,369;1,386;0,411;0,862;0,563;0,464;0,683;9,841E-2;0,656;4,931E-2;0,792;9,813E-2
0,117;0,368;1,382;0,412;0,858;0,563;0,461;0,692;9,850E-2;0,671;4,781E-2;0,801;9,990E-2
0,133;0,368;1,379;0,413;0,854;0,564;0,459;0,693;9,579E-2;0,671;4,379E-2;0,801;9,650E-2
0,150;0,368;1,376;0,413;0,852;0,566;0,457;0,686;9,059E-2;0,658;3,818E-2;0,793;8,759E-2
0,167;0,368;1,374;0,413;0,851;0,568;0,455;0,671;8,420E-2;0,638;3,390E-2;0,778;7,600E-2
0,183;0,368;1,372;0,415;0,850;0,570;0,454;0,654;8,213E-2;0,624;4,458E-2;0,763;6,475E-2
0,200;0,368;1,372;0,418;0,852;0,571;0,456;0,643;8,345E-2;0,600;4,385E-2;0,750;5,912E-2
0,217;0,368;1,373;0,420;0,859;0,574;0,460;0,624;8,247E-2;0,582;4,582E-2;0,732;5,077E-2
0,233;0,367;1,377;0,422;0,866;0,574;0,463;0,605;8,189E-2;0,566;4,199E-2;0,712;4,363E-2
0,250;0,367;1,381;0,423;0,871;0,569;0,463;0,585;8,015E-2;0,547;4,797E-2;0,691;3,621E-2
0,267;0,367;1,385;0,424;0,876;0,561;0,462;0,565;7,815E-2;0,519;4,478E-2;0,670;3,209E-2
0,283;0,367;1,389;0,424;0,879;0,551;0,460;0,544;7,757E-2;0,502;4,697E-2;0,649;3,181E-2
0,300;0,367;1,393;0,423;0,881;0,537;0,459;0,523;7,752E-2;0,478;4,826E-2;0,627;3,145E-2
0,317;0,369;1,395;0,421;0,884;0,525;0,459;0,501;7,750E-2;0,457;4,999E-2;0,605;3,184E-2
0,333;0,371;1,398;0,419;0,886;0,511;0,458;0,480;7,771E-2;0,435;5,150E-2;0,583;3,166E-2
0,350;0,373;1,401;0,416;0,889;0,497;0,457;0,460;7,764E-2;0,408;4,854E-2;0,561;3,136E-2
0,367;0,376;1,404;0,413;0,890;0,484;0,456;0,439;7,751E-2;0,394;4,695E-2;0,540;3,138E-2
0,383;0,377;1,407;0,410;0,890;0,470;0,456;0,419;7,757E-2;0,372;4,645E-2;0,518;3,112E-2
0,400;0,378;1,409;0,407;0,889;0,455;0,454;0,398;7,782E-2;0,356;4,864E-2;0,497;3,124E-2
0,417;0,379;1,411;0,405;0,889;0,440;0,453;0,377;7,921E-2;0,331;5,394E-2;0,474;3,110E-2
0,434;0,379;1,412;0,402;0,887;0,424;0,451;0,357;7,958E-2;0,312;5,390E-2;0,452;3,084E-2
0,450;0,380;1,412;0,399;0,886;0,408;0,450;0,336;7,970E-2;0,284;5,071E-2;0,431;3,041E-2
0,467;0,380;1,411;0,397;0,884;0,392;0,448;0,316;7,988E-2;0,270;5,313E-2;0,409;3,057E-2
0,484;0,380;1,410;0,394;0,881;0,376;0,448;0,295;8,124E-2;0,251;5,510E-2;0,388;3,006E-2
0,500;0,380;1,408;0,389;0,878;0,361;0,447;0,274;8,158E-2;0,227;5,437E-2;0,365;3,019E-2
0,517;0,380;1,406;0,385;0,874;0,345;0,446;0,253;8,244E-2;0,208;5,834E-2;0,344;3,000E-2
0,534;0,380;1,404;0,380;0,871;0,330;0,445;0,231;8,425E-2;0,182;5,940E-2;0,322;3,009E-2
0,550;0,380;1,401;0,375;0,868;0,317;0,444;0,211;8,687E-2;0,165;6,360E-2;0,301;3,088E-2
0,567;0,381;1,397;0,371;0,866;0,303;0,445;0,190;8,986E-2;0,148;6,780E-2;0,279;3,101E-2
0,584;0,381;1,394;0,368;0,864;0,290;0,445;0,170;9,378E-2;0,119;7,264E-2;0,257;3,137E-2
0,600;0,382;1,390;0,365;0,862;0,279;0,447;0,149;9,788E-2;0,102;7,885E-2;0,236;3,164E-2
0,617;0,381;1,387;0,362;0,859;0,270;0,447;0,130;0,103;8,107E-2;8,461E-2;0,214;3,276E-2
0,634;0,382;1,385;0,361;0,858;0,263;0,447;0,112;0,109;6,186E-2;9,259E-2;0,192;3,338E-2
0,650;0,382;1,382;0,361;0,857;0,260;0,447;9,460E-2;0,115;4,689E-2;9,903E-2;0,171;3,413E-2
0,667;0,382;1,381;0,363;0,855;0,259;0,447;7,820E-2;0,122;2,901E-2;0,113;0,151;3,583E-2
0,684;0,382;1,379;0,364;0,855;0,260;0,446;6,339E-2;0,130;1,359E-2;0,124;0,130;3,812E-2
0,700;0,382;1,379;0,367;0,853;0,264;0,444;5,106E-2;0,140;-2,061E-3;0,136;0,111;4,091E-2
0,717;0,382;1,379;0,372;0,853;0,272;0,443;4,089E-2;0,151;-1,013E-2;0,154;9,268E-2;4,417E-2
0,734;0,381;1,381;0,376;0,853;0,283;0,441;3,506E-2;0,162;-1,040E-2;0,174;7,414E-2;4,711E-2
0,750;0,380;1,385;0,380;0,854;0,298;0,439;3,397E-2;0,175;-9,990E-3;0,188;5,814E-2;5,101E-2
0,767;0,379;1,388;0,384;0,854;0,313;0,436;3,699E-2;0,188;2,242E-3;0,206;4,610E-2;6,070E-2
0,784;0,378;1,392;0,386;0,855;0,332;0,433;4,393E-2;0,203;7,767E-3;0,229;4,229E-2;7,537E-2
0,800;0,375;1,394;0,388;0,855;0,352;0,430;5,549E-2;0,220;2,447E-2;0,243;4,733E-2;9,049E-2
0,817;0,371;1,396;0,387;0,856;0,373;0,430;7,222E-2;0,232;3,916E-2;0,257;6,087E-2;0,104
0,834;0,368;1,398;0,386;0,858;0,394;0,432;9,211E-2;0,239;5,523E-2;0,259;8,126E-2;0,112
0,850;0,365;1,400;0,383;0,861;0,414;0,435;0,116;0,240;7,955E-2;0,259;0,109;0,115
0,867;0,362;1,403;0,381;0,864;0,434;0,440;0,140;0,238;0,102;0,258;0,144;0,114
0,884;0,359;1,406;0,378;0,869;0,453;0,446;0,167;0,229;0,124;0,240;0,184;0,109
0,900;0,356;1,408;0,375;0,873;0,470;0,453;0,197;0,217;0,150;0,231;0,225;0,102
0,917;0,353;1,409;0,373;0,877;0,483;0,460;0,229;0,203;0,189;0,205;0,268;9,366E-2
0,934;0,350;1,410;0,371;0,881;0,497;0,467;0,263;0,187;0,216;0,185;0,310;8,383E-2
0,950;0,347;1,411;0,370;0,883;0,507;0,473;0,300;0,169;0,259;0,162;0,356;7,387E-2
0,967;0,345;1,410;0,370;0,885;0,516;0,478;0,339;0,152;0,292;0,143;0,406;6,438E-2
0,984;0,344;1,409;0,370;0,886;0,523;0,480;0,380;0,135;0,342;0,118;0,457;5,672E-2
1,000;0,342;1,407;0,370;0,886;0,528;0,482;0,424;0,120;0,389;9,313E-2;0,510;5,375E-2
1,017;0,341;1,405;0,370;0,885;0,532;0,483;0,469;0,108;0,434;7,582E-2;0,564;5,425E-2
1,034;0,340;1,402;0,369;0,883;0,533;0,482;0,514;9,836E-2;0,484;6,121E-2;0,617;5,893E-2
1,050;0,340;1,399;0,370;0,880;0,533;0,479;0,558;9,429E-2;0,530;5,016E-2;0,667;6,955E-2
1,067;0,339;1,396;0,371;0,876;0,533;0,476;0,598;9,505E-2;0,573;5,093E-2;0,708;8,184E-2
1,084;0,338;1,392;0,372;0,871;0,533;0,473;0,630;9,857E-2;0,606;5,056E-2;0,740;9,474E-2
1,100;0,338;1,389;0,374;0,867;0,534;0,470;0,654;0,103;0,631;5,553E-2;0,761;0,104
1,117;0,338;1,385;0,375;0,863;0,534;0,468;0,667;0,104;0,654;5,201E-2;0,774;0,108
1,134;0,338;1,383;0,377;0,861;0,536;0,466;0,670;0,103;0,654;5,000E-2;0,777;0,106
1,150;0,339;1,380;0,379;0,860;0,539;0,464;0,663;9,706E-2;0,641;4,238E-2;0,771;9,744E-2
1,167;0,339;1,378;0,381;0,859;0,542;0,462;0,648;8,966E-2;0,625;3,655E-2;0,756;8,444E-2
1,184;0,340;1,377;0,385;0,859;0,545;0,460;0,628;8,195E-2;0,601;3,582E-2;0,736;7,179E-2
1,200;0,340;1,378;0,390;0,858;0,546;0,457;0,619;8,227E-2;0,585;3,601E-2;0,727;6,373E-2
1,217;0,340;1,378;0,395;0,861;0,545;0,460;0,610;8,236E-2;0,571;3,642E-2;0,715;5,473E-2
1,234;0,340;1,381;0,399;0,868;0,546;0,464;0,589;8,105E-2;0,545;4,373E-2;0,696;4,563E-2
1,251;0,340;1,384;0,401;0,875;0,545;0,464;0,572;8,016E-2;0,525;4,546E-2;0,676;3,870E-2
1,267;0,341;1,388;0,401;0,879;0,540;0,463;0,551;7,883E-2;0,509;3,963E-2;0,654;3,260E-2
1,284;0,342;1,392;0,401;0,882;0,531;0,463;0,531;7,734E-2;0,486;4,314E-2;0,633;3,079E-2
1,301;0,345;1,394;0,400;0,884;0,521;0,461;0,510;7,707E-2;0,468;4,712E-2;0,612;3,021E-2
1,317;0,348;1,397;0,399;0,887;0,508;0,461;0,489;7,759E-2;0,444;4,438E-2;0,590;2,988E-2
1,334;0,350;1,399;0,398;0,889;0,496;0,459;0,468;7,807E-2;0,425;4,233E-2;0,568;3,019E-2
1,351;0,354;1,402;0,396;0,891;0,483;0,458;0,447;7,827E-2;0,402;4,786E-2;0,547;2,986E-2
1,367;0,356;1,405;0,394;0,893;0,469;0,456;0,426;7,811E-2;0,382;4,558E-2;0,526;2,968E-2
1,384;0,359;1,408;0,393;0,893;0,456;0,455;0,405;7,815E-2;0,350;4,796E-2;0,504;2,947E-2
1,401;0,361;1,410;0,390;0,892;0,442;0,455;0,384;7,826E-2;0,337;4,860E-2;0,482;2,916E-2
1,417;0,361;1,412;0,387;0,890;0,427;0,454;0,364;7,828E-2;0,315;4,409E-2;0,460;2,932E-2
1,434;0,361;1,413;0,384;0,889;0,413;0,452;0,343;7,857E-2;0,299;4,628E-2;0,438;2,911E-2
1,451;0,361;1,413;0,381;0,888;0,398;0,450;0,323;7,935E-2;0,270;5,112E-2;0,417;2,891E-2
1,467;0,361;1,412;0,378;0,886;0,383;0,449;0,302;7,999E-2;0,258;5,176E-2;0,395;2,859E-2
1,484;0,362;1,410;0,375;0,882;0,367;0,447;0,281;8,022E-2;0,233;5,104E-2;0,374;2,838E-2
1,501;0,362;1,408;0,372;0,879;0,352;0,445;0,261;8,035E-2;0,215;5,300E-2;0,352;2,839E-2
1,517;0,363;1,405;0,369;0,876;0,338;0,444;0,240;8,232E-2;0,186;5,584E-2;0,330;2,836E-2
1,534;0,363;1,403;0,365;0,873;0,323;0,442;0,219;8,360E-2;0,170;5,602E-2;0,308;2,783E-2
1,551;0,364;1,399;0,361;0,869;0,310;0,441;0,199;8,608E-2;0,147;5,954E-2;0,286;2,805E-2
1,567;0,365;1,395;0,358;0,866;0,296;0,442;0,178;8,891E-2;0,130;6,575E-2;0,264;2,758E-2
1,584;0,367;1,391;0,356;0,864;0,283;0,443;0,158;9,253E-2;0,104;7,707E-2;0,242;2,759E-2
1,601;0,367;1,387;0,355;0,862;0,271;0,444;0,138;9,753E-2;9,001E-2;7,749E-2;0,220;2,773E-2
1,617;0,368;1,384;0,355;0,861;0,262;0,446;0,119;0,103;6,701E-2;8,301E-2;0,198;2,940E-2
1,634;0,369;1,382;0,355;0,859;0,256;0,446;0,101;0,108;4,936E-2;9,524E-2;0,176;2,956E-2
1,651;0,371;1,380;0,358;0,857;0,254;0,445;8,352E-2;0,116;3,215E-2;0,103;0,156;3,167E-2
1,667;0,372;1,379;0,361;0,856;0,254;0,445;6,791E-2;0,124;1,696E-2;0,112;0,135;3,415E-2
1,684;0,374;1,378;0,365;0,855;0,259;0,444;5,385E-2;0,133;6,305E-4;0,130;0,115;3,678E-2
1,701;0,375;1,378;0,371;0,855;0,265;0,442;4,247E-2;0,143;-7,215E-3;0,146;9,550E-2;3,940E-2
1,717;0,375;1,379;0,377;0,854;0,275;0,440;3,377E-2;0,154;-1,506E-2;0,161;7,713E-2;4,224E-2
1,734;0,374;1,381;0,383;0,855;0,287;0,438;3,065E-2;0,165;-1,665E-2;0,175;5,919E-2;4,475E-2
1,751;0,374;1,384;0,388;0,855;0,303;0,437;3,107E-2;0,177;-4,878E-3;0,197;4,518E-2;5,089E-2
1,767;0,374;1,388;0,392;0,855;0,321;0,434;3,654E-2;0,191;-1,133E-3;0,218;3,514E-2;6,182E-2
1,784;0,374;1,391;0,395;0,855;0,341;0,431;4,522E-2;0,205;1,511E-2;0,236;3,382E-2;7,802E-2
1,801;0,373;1,393;0,396;0,856;0,363;0,429;5,767E-2;0,222;2,981E-2;0,250;4,229E-2;9,286E-2
1,817;0,371;1,396;0,397;0,857;0,384;0,430;7,719E-2;0,232;4,943E-2;0,256;5,992E-2;0,104
1,834;0,370;1,398;0,395;0,860;0,406;0,432;9,953E-2;0,237;6,148E-2;0,257;8,378E-2;0,110
1,851;0,368;1,401;0,394;0,863;0,428;0,437;0,126;0,237;9,159E-2;0,261;0,115;0,111
1,867;0,365;1,404;0,392;0,868;0,447;0,442;0,152;0,232;0,117;0,251;0,152;0,108
1,884;0,363;1,406;0,391;0,873;0,466;0,448;0,182;0,221;0,137;0,235;0,194;0,102
1,901;0,360;1,407;0,390;0,877;0,484;0,455;0,214;0,207;0,172;0,215;0,239;9,260E-2
1,917;0,358;1,409;0,388;0,881;0,499;0,462;0,251;0,192;0,205;0,196;0,286;8,244E-2
1,934;0,355;1,410;0,388;0,885;0,512;0,468;0,287;0,174;0,244;0,172;0,333;7,161E-2
1,951;0,353;1,411;0,389;0,887;0,523;0,474;0,327;0,156;0,284;0,156;0,383;6,094E-2
1,967;0,352;1,411;0,389;0,889;0,531;0,478;0,369;0,138;0,329;0,121;0,430;5,202E-2
1,984;0,352;1,410;0,390;0,889;0,539;0,481;0,415;0,121;0,381;9,623E-2;0,480;4,521E-2
2,001;0,352;1,408;0,391;0,888;0,544;0,481;0,462;0,107;0,424;7,669E-2;0,532;4,068E-2
2,018;0,353;1,406;0,391;0,887;0,547;0,481;0,509;9,702E-2;0,474;6,208E-2;0,639;4,982E-2
2,034;0,353;1,403;0,391;0,884;0,550;0,480;0,555;9,093E-2;0,522;5,126E-2;0,690;6,051E-2
2,051;0,354;1,401;0,392;0,880;0,550;0,477;0,597;9,050E-2;0,569;4,646E-2;0,734;7,547E-2
2,068;0,354;1,398;0,393;0,875;0,551;0,473;0,636;9,335E-2;0,616;4,367E-2;0,771;9,159E-2
2,084;0,355;1,394;0,395;0,870;0,551;0,470;0,667;9,926E-2;0,645;4,083E-2;0,801;0,108
2,101;0,355;1,391;0,397;0,866;0,553;0,467;0,687;0,104;0,679;4,671E-2;0,804;0,114
2,118;0,355;1,388;0,399;0,862;0,555;0,465;0,697;0,105;0,689;5,187E-2;0,813;0,113
2,134;0,355;1,385;0,400;0,860;0,559;0,464;0,697;0,103;0,680;5,296E-2;0,813;0,113
2,151;0,355;1,384;0,402;0,858;0,563;0,463;0,689;9,704E-2;0,665;4,311E-2;0,803;0,101
2,168;0,356;1,383;0,405;0,858;0,567;0,462;0,674;8,966E-2;0,655;4,197E-2;0,787;8,849E-2
2,184;0,356;1,383;0,410;0,856;0,570;0,459;0,655;8,230E-2;0,633;3,746E-2;0,761;7,649E-2
2,201;0,357;1,383;0,416;0,856;0,570;0,456;0,645;8,303E-2;0,613;4,120E-2;0,758;6,714E-2
2,218;0,358;1,384;0,423;0,858;0,569;0,458;0,633;8,259E-2;0,596;4,340E-2;0,775;5,826E-2
2,234;0,359;1,387;0,427;0,866;0,569;0,462;0,611;8,150E-2;0,574;4,290E-2;0,755;4,884E-2
2,251;0,361;1,390;0,429;0,873;0,568;0,463;0,593;8,081E-2;0,549;4,619E-2;0,736;4,084E-2
2,268;0,363;1,395;0,430;0,879;0,563;0,463;0,572;7,869E-2;0,525;4,346E-2;0,714;3,247E-2
2,284;0,366;1,398;0,430;0,883;0,554;0,462;0,552;7,658E-2;0,515;4,232E-2;0,696;2,617E-2
2,301;0,368;1,401;0,429;0,886;0,543;0,461;0,531;7,563E-2;0,492;4,383E-2;0,635;3,325E-2
2,318;0,371;1,403;0,428;0,887;0,530;0,460;0,510;7,620E-2;0,462;4,242E-2;0,618;2,943E-2
2,334;0,374;1,406;0,426;0,889;0,517;0,459;0,489;7,691E-2;0,444;4,037E-2;0,599;3,098E-2
2,351;0,376;1,409;0,425;0,890;0,503;0,458;0,469;7,794E-2;0,423;5,014E-2;0,574;2,993E-2
2,368;0,378;1,411;0,424;0,892;0,490;0,457;0,448;7,829E-2;0,403;4,384E-2;0,549;2,888E-2
2,384;0,379;1,414;0,423;0,892;0,475;0,456;0,428;7,811E-2;0,386;4,804E-2;0,527;3,360E-2
2,401;0,381;1,416;0,421;0,892;0,460;0,455;0,407;7,843E-2;0,364;4,755E-2;0,514;3,218E-2
2,418;0,382;1,418;0,418;0,891;0,446;0,454;0,387;7,861E-2;0,343;4,928E-2;0,483;3,231E-2
2,434;0,383;1,419;0,415;0,890;0,431;0,453;0,366;8,000E-2;0,321;4,678E-2;0,469;3,426E-2
2,451;0,383;1,419;0,412;0,888;0,415;0,452;0,345;8,045E-2;0,298;5,431E-2;0,435;3,040E-2
2,468;0,384;1,418;0,407;0,885;0,400;0,450;0,325;8,070E-2;0,282;5,651E-2;0,418;3,573E-2
2,484;0,384;1,416;0,404;0,882;0,386;0,448;0,305;8,072E-2;0,255;5,756E-2;0,396;3,509E-2
2,501;0,385;1,414;0,401;0,878;0,371;0,447;0,284;8,222E-2;0,243;5,619E-2;0,369;3,562E-2
2,518;0,387;1,411;0,397;0,874;0,357;0,445;0,263;8,297E-2;0,215;5,501E-2;0,356;3,599E-2
2,534;0,388;1,407;0,393;0,870;0,343;0,444;0,242;8,479E-2;0,194;6,077E-2;0,338;3,396E-2
2,551;0,388;1,404;0,389;0,867;0,329;0,443;0,221;8,641E-2;0,185;6,186E-2;0,309;3,608E-2
2,568;0,388;1,400;0,387;0,864;0,315;0,443;0,201;8,878E-2;0,157;6,269E-2;0,287;3,543E-2
2,584;0,390;1,396;0,385;0,861;0,302;0,444;0,181;9,214E-2;0,137;7,269E-2;0,264;3,458E-2
2,601;0,391;1,392;0,384;0,859;0,291;0,445;0,161;9,681E-2;0,108;7,954E-2;0,244;3,235E-2
2,618;0,392;1,389;0,383;0,857;0,283;0,445;0,142;0,102;9,603E-2;7,817E-2;0,233;3,471E-2
2,634;0,394;1,385;0,383;0,856;0,277;0,446;0,123;0,107;7,815E-2;9,241E-2;0,200;3,464E-2
2,651;0,395;1,383;0,383;0,855;0,274;0,445;0,106;0,113;5,314E-2;9,771E-2;0,184;3,460E-2
2,668;0,397;1,381;0,385;0,853;0,274;0,445;8,851E-2;0,120;3,927E-2;0,112;0,157;3,513E-2
2,684;0,398;1,379;0,388;0,852;0,276;0,443;7,330E-2;0,128;2,632E-2;0,119;0,145;4,286E-2
2,701;0,398;1,379;0,391;0,851;0,281;0,442;6,084E-2;0,139;1,044E-2;0,134;0,127;4,083E-2
2,718;0,399;1,380;0,395;0,850;0,291;0,440;5,184E-2;0,150;4,831E-3;0,147;9,745E-2;4,653E-2
2,734;0,400;1,382;0,399;0,851;0,304;0,438;4,806E-2;0,163;2,326E-3;0,169;8,351E-2;5,763E-2
2,751;0,400;1,386;0,403;0,852;0,320;0,434;4,948E-2;0,175;1,209E-2;0,191;7,058E-2;5,979E-2
2,768;0,400;1,390;0,406;0,852;0,337;0,431;5,540E-2;0,187;1,228E-2;0,207;5,765E-2;6,195E-2
2,784;0,400;1,392;0,408;0,853;0,357;0,428;6,448E-2;0,203;3,455E-2;0,226;5,740E-2;8,004E-2
2,801;0,398;1,395;0,409;0,853;0,378;0,426;7,725E-2;0,219;4,277E-2;0,243;7,050E-2;9,240E-2
2,818;0,395;1,398;0,408;0,854;0,399;0,427;9,564E-2;0,230;6,618E-2;0,252;9,116E-2;0,102
2,835;0,392;1,400;0,407;0,857;0,420;0,430;0,117;0,235;8,803E-2;0,256;0,112;0,112
2,851;0,390;1,404;0,405;0,860;0,440;0,434;0,140;0,235;0,100;0,258;0,141;0,113
2,868;0,388;1,406;0,403;0,865;0,461;0,439;0,168;0,231;0,128;0,246;0,177;0,115
2,885;0,385;1,409;0,400;0,869;0,480;0,445;0,198;0,222;0,154;0,233;0,228;0,108
2,901;0,383;1,411;0,400;0,873;0,497;0,452;0,229;0,209;0,188;0,217;0,266;9,643E-2
2,918;0,380;1,414;0,398;0,877;0,511;0,459;0,262;0,194;0,221;0,194;0,309;9,594E-2
2,935;0,377;1,415;0,398;0,881;0,524;0,465;0,298;0,177;0,256;0,174;0,351;8,072E-2
2,951;0,374;1,415;0,398;0,884;0,535;0,470;0,337;0,160;0,294;0,145;0,408;7,091E-2
2,968;0,373;1,414;0,398;0,886;0,545;0,475;0,377;0,143;0,333;0,125;0,451;5,947E-2
2,985;0,371;1,413;0,398;0,886;0,553;0,478;0,421;0,126;0,377;0,108;0,486;4,738E-2
3,001;0,369;1,410;0,398;0,885;0,559;0,480;0,466;0,112;0,432;8,787E-2;0,536;4,190E-2
3,018;0,368;1,408;0,398;0,884;0,563;0,480;0,512;0,100;0,474;6,007E-2;0,613;5,249E-2
3,035;0,367;1,404;0,399;0,881;0,566;0,479;0,559;9,323E-2;0,532;5,641E-2;0,694;5,775E-2
3,051;0,366;1,400;0,399;0,877;0,566;0,477;0,603;9,059E-2;0,573;5,093E-2;0,740;7,192E-2
3,068;0,365;1,397;0,402;0,873;0,566;0,474;0,643;9,324E-2;0,620;4,412E-2;0,780;8,757E-2
3,085;0,364;1,392;0,403;0,868;0,567;0,470;0,676;9,785E-2;0,655;4,799E-2;0,811;0,104
3,101;0,364;1,388;0,406;0,864;0,569;0,468;0,699;0,103;0,681;5,095E-2;0,815;0,110
3,118;0,363;1,384;0,408;0,860;0,571;0,466;0,712;0,104;0,693;4,630E-2;0,822;0,114
3,135;0,363;1,381;0,410;0,858;0,574;0,465;0,714;0,102;0,695;5,255E-2;0,829;0,113
3,151;0,362;1,379;0,412;0,856;0,578;0,463;0,706;9,473E-2;0,682;4,092E-2;0,818;0,103
3,168;0,363;1,378;0,415;0,854;0,582;0,461;0,692;8,721E-2;0,670;3,353E-2;0,807;8,714E-2
3,185;0,363;1,376;0,419;0,853;0,585;0,459;0,673;7,947E-2;0,650;3,125E-2;0,794;7,478E-2
3,201;0,364;1,375;0,425;0,853;0,586;0,456;0,665;8,100E-2;0,632;3,121E-2;0,811;6,631E-2
3,218;0,364;1,376;0,431;0,857;0,585;0,460;0,651;8,111E-2;0,617;4,166E-2;0,767;5,364E-2
3,235;0,363;1,379;0,434;0,865;0,587;0,464;0,631;8,004E-2;0,597;3,938E-2;0,756;5,421E-2
3,251;0,363;1,382;0,435;0,873;0,585;0,465;0,613;7,885E-2;0,580;4,358E-2;0,726;3,624E-2
3,268;0,363;1,387;0,435;0,879;0,578;0,464;0,592;7,667E-2;0,548;3,994E-2;0,699;3,141E-2
3,285;0,365;1,391;0,435;0,882;0,569;0,462;0,572;7,504E-2;0,531;4,012E-2;0,679;3,097E-2
3,301;0,367;1,395;0,434;0,884;0,557;0,461;0,551;7,527E-2;0,509;4,163E-2;0,665;2,934E-2
3,318;0,370;1,398;0,432;0,886;0,544;0,460;0,530;7,560E-2;0,483;3,867E-2;0,640;2,650E-2
3,335;0,372;1,400;0,430;0,889;0,532;0,459;0,509;7,628E-2;0,462;4,041E-2;0,599;3,456E-2
3,351;0,374;1,403;0,428;0,892;0,518;0,458;0,488;7,629E-2;0,443;4,639E-2;0,589;2,976E-2
3,368;0,376;1,406;0,426;0,893;0,505;0,457;0,467;7,615E-2;0,420;3,964E-2;0,571;2,773E-2
3,385;0,379;1,409;0,423;0,893;0,492;0,456;0,447;7,599E-2;0,401;3,960E-2;0,546;2,489E-2
3,401;0,380;1,411;0,421;0,893;0,478;0,455;0,426;7,614E-2;0,386;4,604E-2;0,531;2,506E-2
3,418;0,382;1,414;0,418;0,892;0,466;0,454;0,405;7,637E-2;0,354;4,239E-2;0,503;3,275E-2
3,435;0,382;1,415;0,414;0,891;0,452;0,453;0,385;7,772E-2;0,332;4,591E-2;0,485;3,072E-2
3,451;0,382;1,415;0,410;0,890;0,438;0,451;0,364;7,787E-2;0,317;4,833E-2;0,464;2,828E-2
3,468;0,382;1,415;0,407;0,887;0,425;0,450;0,343;7,817E-2;0,296;5,208E-2;0,439;2,544E-2
3,485;0,382;1,413;0,403;0,885;0,409;0,448;0,323;7,836E-2;0,278;5,203E-2;0,417;2,658E-2
3,501;0,382;1,412;0,400;0,881;0,395;0,447;0,302;7,974E-2;0,258;4,976E-2;0,396;3,688E-2
3,518;0,382;1,410;0,396;0,878;0,380;0,445;0,281;8,037E-2;0,236;4,926E-2;0,373;3,066E-2
3,535;0,383;1,408;0,392;0,875;0,365;0,444;0,261;8,226E-2;0,211;5,054E-2;0,351;3,001E-2
3,551;0,383;1,405;0,388;0,873;0,351;0,443;0,240;8,382E-2;0,190;5,830E-2;0,334;4,071E-2
3,568;0,384;1,402;0,386;0,870;0,336;0,444;0,219;8,631E-2;0,167;6,182E-2;0,309;3,429E-2
3,585;0,384;1,399;0,383;0,868;0,322;0,444;0,199;8,956E-2;0,146;6,757E-2;0,288;3,185E-2
3,601;0,384;1,395;0,381;0,866;0,309;0,444;0,179;9,408E-2;0,129;7,177E-2;0,273;3,381E-2
3,618;0,385;1,391;0,379;0,864;0,300;0,445;0,158;9,903E-2;0,105;8,533E-2;0,244;3,235E-2
3,635;0,384;1,388;0,378;0,862;0,291;0,445;0,139;0,104;8,307E-2;8,483E-2;0,226;3,211E-2
3,652;0,385;1,385;0,377;0,860;0,286;0,445;0,121;0,110;7,012E-2;9,150E-2;0,199;3,264E-2
3,668;0,385;1,383;0,378;0,859;0,283;0,444;0,104;0,116;5,246E-2;0,104;0,186;3,659E-2
3,685;0,385;1,381;0,380;0,856;0,283;0,443;8,809E-2;0,124;3,480E-2;0,116;0,163;4,310E-2
3,702;0,386;1,379;0,384;0,854;0,285;0,442;7,383E-2;0,133;2,116E-2;0,129;0,149;4,148E-2
3,718;0,386;1,379;0,389;0,853;0,291;0,440;6,214E-2;0,143;1,578E-2;0,140;0,119;4,539E-2
3,735;0,385;1,380;0,395;0,851;0,300;0,439;5,440E-2;0,155;1,457E-3;0,159;0,106;4,933E-2
3,752;0,385;1,382;0,401;0,851;0,313;0,436;5,074E-2;0,168;7,438E-3;0,178;8,631E-2;4,889E-2
3,768;0,385;1,385;0,407;0,851;0,329;0,434;5,299E-2;0,179;1,520E-2;0,199;7,078E-2;5,800E-2
3,785;0,385;1,388;0,412;0,851;0,347;0,430;5,775E-2;0,191;2,474E-2;0,223;5,943E-2;6,215E-2
3,802;0,384;1,390;0,416;0,852;0,369;0,426;6,885E-2;0,205;4,368E-2;0,235;5,720E-2;8,183E-2
3,818;0,384;1,392;0,417;0,852;0,391;0,424;8,344E-2;0,220;5,459E-2;0,246;6,851E-2;9,399E-2
3,835;0,382;1,393;0,418;0,852;0,414;0,424;0,101;0,232;6,750E-2;0,258;8,657E-2;0,111
3,852;0,380;1,397;0,417;0,855;0,436;0,427;0,122;0,237;8,735E-2;0,262;0,120;0,107
3,868;0,379;1,398;0,415;0,858;0,459;0,431;0,147;0,238;0,110;0,263;0,153;0,120
3,885;0,379;1,401;0,413;0,862;0,480;0,437;0,175;0,235;0,135;0,257;0,192;0,112
3,902;0,377;1,404;0,412;0,866;0,500;0,443;0,204;0,226;0,159;0,244;0,223;0,108
3,918;0,374;1,406;0,410;0,871;0,517;0,452;0,236;0,215;0,195;0,224;0,271;0,101
3,935;0,371;1,409;0,409;0,875;0,532;0,460;0,270;0,201;0,226;0,207;0,313;9,634E-2
3,952;0,368;1,410;0,408;0,879;0,545;0,468;0,306;0,185;0,266;0,179;0,356;8,491E-2
3,968;0,366;1,412;0,407;0,883;0,555;0,475;0,345;0,168;0,300;0,160;0,402;7,388E-2
3,985;0,364;1,412;0,407;0,886;0,563;0,481;0,386;0,151;0,343;0,139;0,456;6,724E-2
4,002;0,362;1,411;0,407;0,888;0,571;0,485;0,430;0,134;0,395;0,114;0,547;4,272E-2
4,018;0,361;1,411;0,407;0,888;0,575;0,487;0,476;0,120;0,440;9,280E-2;0,602;4,498E-2
4,035;0,360;1,408;0,407;0,887;0,578;0,488;0,524;0,109;0,483;7,326E-2;0,654;5,122E-2
4,052;0,359;1,407;0,406;0,884;0,579;0,487;0,569;0,102;0,535;6,289E-2;0,706;6,252E-2
4,068;0,358;1,403;0,407;0,881;0,580;0,484;0,614;9,939E-2;0,585;5,631E-2;0,753;7,759E-2
4,085;0,357;1,400;0,407;0,876;0,579;0,480;0,654;0,101;0,633;5,575E-2;0,792;9,382E-2
4,102;0,357;1,395;0,407;0,872;0,580;0,476;0,687;0,106;0,654;5,602E-2;0,826;0,111
4,118;0,355;1,390;0,408;0,867;0,580;0,473;0,712;0,110;0,696;5,679E-2;0,847;0,123
4,135;0,353;1,386;0,409;0,862;0,579;0,470;0,727;0,112;0,710;6,039E-2;0,843;0,120
4,152;0,351;1,382;0,410;0,858;0,579;0,467;0,732;0,111;0,714;6,085E-2;0,847;0,121
4,168;0,350;1,379;0,411;0,856;0,581;0,465;0,729;0,106;0,711;5,437E-2;0,840;0,113
4,185;0,350;1,376;0,412;0,854;0,585;0,463;0,718;9,857E-2;0,701;5,323E-2;0,851;0,110
4,202;0,349;1,374;0,415;0,852;0,587;0,461;0,702;9,068E-2;0,678;3,845E-2;0,833;9,476E-2
4,218;0,350;1,373;0,419;0,851;0,588;0,459;0,681;8,241E-2;0,660;3,841E-2;0,815;7,976E-2
4,235;0,350;1,373;0,425;0,851;0,586;0,455;0,671;8,343E-2;0,639;4,216E-2;0,805;6,938E-2
4,252;0,350;1,374;0,432;0,855;0,582;0,456;0,660;8,304E-2;0,623;4,234E-2;0,790;5,883E-2
4,268;0,350;1,376;0,435;0,863;0,580;0,460;0,637;8,190E-2;0,598;4,563E-2;0,769;4,985E-2
4,285;0,351;1,381;0,437;0,870;0,579;0,462;0,619;8,014E-2;0,579;4,961E-2;0,749;4,131E-2
4,302;0,352;1,386;0,436;0,877;0,574;0,462;0,599;7,883E-2;0,561;4,956E-2;0,728;3,399E-2
4,318;0,355;1,390;0,435;0,882;0,565;0,462;0,579;7,726E-2;0,537;4,683E-2;0,708;3,024E-2
4,335;0,357;1,394;0,434;0,885;0,553;0,461;0,558;7,653E-2;0,519;4,478E-2;0,687;2,874E-2
4,352;0,359;1,396;0,432;0,887;0,542;0,461;0,537;7,707E-2;0,496;4,830E-2;0,664;2,872E-2
4,368;0,361;1,399;0,429;0,889;0,530;0,460;0,517;7,739E-2;0,472;4,556E-2;0,643;2,878E-2
4,385;0,362;1,403;0,427;0,891;0,517;0,460;0,496;7,759E-2;0,454;4,151E-2;0,603;2,960E-2
4,402;0,364;1,406;0,425;0,892;0,506;0,458;0,476;7,865E-2;0,435;4,548E-2;0,601;2,876E-2
4,418;0,366;1,409;0,422;0,893;0,491;0,458;0,455;7,889E-2;0,419;4,968E-2;0,579;2,867E-2
4,435;0,366;1,412;0,418;0,893;0,476;0,457;0,434;7,892E-2;0,390;4,649E-2;0,558;2,842E-2
4,452;0,366;1,414;0,415;0,892;0,461;0,456;0,413;7,902E-2;0,370;4,622E-2;0,536;2,838E-2
4,469;0,366;1,416;0,410;0,892;0,445;0,455;0,392;7,916E-2;0,345;4,951E-2;0,513;2,835E-2
4,485;0,365;1,417;0,406;0,891;0,430;0,454;0,371;7,927E-2;0,325;5,326E-2;0,492;2,784E-2
4,502;0,365;1,417;0,401;0,889;0,415;0,452;0,350;8,053E-2;0,304;5,500E-2;0,470;2,783E-2
4,519;0,365;1,417;0,396;0,887;0,400;0,451;0,330;8,090E-2;0,286;5,495E-2;0,448;2,756E-2
4,535;0,365;1,416;0,392;0,884;0,385;0,449;0,309;8,114E-2;0,263;5,646E-2;0,427;2,721E-2
4,552;0,365;1,413;0,387;0,881;0,371;0,448;0,288;8,192E-2;0,243;5,419E-2;0,405;2,742E-2
4,569;0,365;1,411;0,381;0,878;0,355;0,447;0,267;8,289E-2;0,229;5,661E-2;0,383;2,716E-2
4,585;0,366;1,407;0,377;0,875;0,341;0,446;0,247;8,365E-2;0,199;5,118E-2;0,361;2,691E-2
4,602;0,366;1,404;0,373;0,872;0,326;0,445;0,226;8,551E-2;0,179;6,118E-2;0,340;2,670E-2
4,619;0,367;1,400;0,370;0,869;0,313;0,444;0,206;8,710E-2;0,159;6,091E-2;0,319;2,659E-2
4,635;0,367;1,395;0,367;0,865;0,300;0,444;0,186;8,947E-2;0,140;6,488E-2;0,297;2,653E-2
4,652;0,368;1,391;0,364;0,862;0,288;0,443;0,165;9,256E-2;0,117;6,840E-2;0,276;2,652E-2
4,669;0,368;1,386;0,360;0,859;0,278;0,443;0,145;9,660E-2;0,100;7,862E-2;0,254;2,621E-2
4,685;0,369;1,382;0,358;0,857;0,270;0,442;0,126;0,101;8,531E-2;8,305E-2;0,215;3,447E-2
4,702;0,371;1,378;0,358;0,856;0,266;0,442;0,106;0,106;5,807E-2;9,013E-2;0,192;3,183E-2
4,719;0,371;1,377;0,357;0,854;0,262;0,442;8,786E-2;0,112;3,886E-2;9,812E-2;0,175;3,716E-2
4,735;0,372;1,375;0,359;0,852;0,261;0,441;7,105E-2;0,120;3,124E-2;0,111;0,149;4,148E-2
4,752;0,373;1,374;0,362;0,852;0,262;0,441;5,514E-2;0,128;1,181E-2;0,121;0,120;4,360E-2
4,769;0,372;1,374;0,366;0,851;0,266;0,441;4,354E-2;0,140;-2,061E-3;0,136;0,103;4,714E-2
4,785;0,372;1,376;0,372;0,852;0,275;0,440;3,453E-2;0,151;-7,898E-3;0,152;8,314E-2;4,490E-2
4,802;0,372;1,380;0,377;0,852;0,287;0,439;3,083E-2;0,164;-6,388E-3;0,174;6,761E-2;5,402E-2
4,819;0,373;1,385;0,384;0,853;0,302;0,437;3,260E-2;0,177;-2,415E-3;0,193;6,224E-2;5,341E-2
4,835;0,373;1,389;0,388;0,854;0,320;0,433;3,678E-2;0,189;9,817E-3;0,211;3,894E-2;6,707E-2
4,852;0,374;1,391;0,392;0,855;0,340;0,430;4,523E-2;0,203;2,250E-2;0,224;3,553E-2;8,119E-2
4,869;0,372;1,395;0,394;0,855;0,360;0,427;5,659E-2;0,218;2,625E-2;0,248;4,842E-2;9,533E-2
4,885;0,371;1,397;0,395;0,857;0,381;0,427;7,250E-2;0,231;4,186E-2;0,258;6,867E-2;0,109
4,902;0,369;1,400;0,395;0,859;0,403;0,430;9,383E-2;0,237;6,140E-2;0,264;8,876E-2;0,107
4,919;0,368;1,403;0,394;0,862;0,425;0,433;0,117;0,239;8,208E-2;0,263;0,106;0,113
4,935;0,367;1,406;0,392;0,865;0,447;0,439;0,144;0,236;0,105;0,258;0,145;0,103
4,952;0,365;1,408;0,390;0,870;0,468;0,445;0,171;0,230;0,132;0,247;0,192;0,104
4,969;0,363;1,411;0,388;0,874;0,485;0,452;0,202;0,219;0,160;0,232;0,227;0,101
4,985;0,360;1,414;0,387;0,878;0,500;0,460;0,232;0,205;0,190;0,212;0,273;9,724E-2
5,002;0,358;1,416;0,387;0,882;0,515;0,467;0,269;0,190;0,224;0,192;0,316;8,223E-2
5,019;0,356;1,417;0,387;0,885;0,526;0,474;0,306;0,173;0,260;0,169;0,372;7,401E-2
5,035;0,354;1,418;0,388;0,887;0,536;0,480;0,346;0,156;0,302;0,145;0,418;6,477E-2
5,052;0,352;1,417;0,388;0,890;0,543;0,483;0,389;0,138;0,347;0,121;0,469;6,329E-2
5,069;0,350;1,417;0,388;0,891;0,548;0,486;0,434;0,122;0,391;0,101;0,517;5,426E-2
5,085;0,349;1,415;0,388;0,890;0,551;0,486;0,480;0,109;0,440;8,075E-2;0,587;5,859E-2
5,102;0,348;1,413;0,388;0,889;0,552;0,485;0,525;9,984E-2;0,499;5,879E-2;0,625;5,928E-2
5,119;0,347;1,410;0,389;0,886;0,552;0,482;0,570;9,486E-2;0,542;5,554E-2;0,683;6,398E-2
5,135;0,346;1,406;0,389;0,881;0,552;0,478;0,610;9,499E-2;0,581;5,586E-2;0,732;7,861E-2
5,152;0,345;1,401;0,389;0,876;0,552;0,475;0,646;9,884E-2;0,626;5,083E-2;0,768;9,719E-2
5,169;0,343;1,396;0,389;0,871;0,553;0,471;0,673;0,103;0,652;5,379E-2;0,791;0,102
5,185;0,342;1,391;0,390;0,865;0,554;0,467;0,691;0,106;0,676;5,451E-2;0,816;0,117
5,202;0,340;1,387;0,391;0,861;0,555;0,465;0,701;0,106;0,680;5,497E-2;0,816;0,117
5,219;0,340;1,383;0,391;0,857;0,558;0,463;0,701;0,102;0,677;5,050E-2;0,817;0,108
5,236;0,340;1,380;0,392;0,854;0,562;0,461;0,693;9,503E-2;0,672;4,179E-2;0,811;9,491E-2
5,252;0,340;1,378;0,394;0,852;0,565;0,459;0,678;8,632E-2;0,655;4,197E-2;0,789;8,153E-2
5,269;0,340;1,376;0,398;0,850;0,568;0,457;0,658;7,885E-2;0,631;4,125E-2;0,764;6,417E-2
5,286;0,341;1,375;0,402;0,850;0,567;0,454;0,650;8,039E-2;0,615;3,942E-2;0,754;5,580E-2
5,302;0,341;1,376;0,408;0,854;0,566;0,457;0,635;7,902E-2;0,600;4,385E-2;0,745;4,563E-2
5,319;0,342;1,380;0,411;0,862;0,567;0,461;0,614;7,792E-2;0,568;4,222E-2;0,720;3,742E-2
5,336;0,343;1,385;0,413;0,870;0,565;0,462;0,596;7,706E-2;0,554;3,861E-2;0,707;2,507E-2
5,352;0,344;1,390;0,413;0,876;0,559;0,463;0,574;7,533E-2;0,533;4,437E-2;0,687;2,462E-2
5,369;0,345;1,394;0,412;0,880;0,550;0,462;0,554;7,499E-2;0,509;3,963E-2;0,665;2,755E-2
5,386;0,347;1,399;0,410;0,883;0,538;0,461;0,532;7,539E-2;0,487;4,114E-2;0,632;2,927E-2
5,402;0,349;1,402;0,409;0,885;0,526;0,460;0,511;7,546E-2;0,470;4,734E-2;0,620;2,785E-2
5,419;0,351;1,406;0,407;0,887;0,513;0,460;0,490;7,607E-2;0,452;4,529E-2;0,596;2,700E-2
5,436;0,354;1,411;0,405;0,891;0,499;0,459;0,469;7,624E-2;0,427;4,256E-2;0,571;2,416E-2
5,452;0,358;1,414;0,403;0,893;0,484;0,458;0,448;7,631E-2;0,403;4,585E-2;0,534;2,904E-2
5,469;0,360;1,417;0,400;0,894;0,470;0,457;0,426;7,597E-2;0,384;4,982E-2;0,527;3,360E-2
5,486;0,363;1,419;0,397;0,894;0,455;0,457;0,406;7,608E-2;0,362;4,933E-2;0,507;3,137E-2
5,502;0,365;1,422;0,393;0,893;0,440;0,455;0,385;7,638E-2;0,340;4,682E-2;0,489;2,934E-2
5,519;0,367;1,423;0,388;0,892;0,425;0,454;0,364;7,761E-2;0,321;5,079E-2;0,462;3,166E-2
5,536;0,368;1,424;0,384;0,892;0,409;0,453;0,343;7,799E-2;0,305;5,098E-2;0,440;3,101E-2
5,552;0,368;1,424;0,381;0,889;0,393;0,452;0,323;7,817E-2;0,280;5,025E-2;0,415;2,996E-2
5,569;0,370;1,424;0,377;0,886;0,377;0,450;0,302;7,814E-2;0,253;5,332E-2;0,403;3,590E-2
5,586;0,370;1,423;0,373;0,883;0,363;0,449;0,281;7,965E-2;0,231;5,081E-2;0,383;2,094E-2
5,602;0,372;1,420;0,369;0,880;0,349;0,447;0,261;8,010E-2;0,215;4,899E-2;0,362;3,302E-2
5,619;0,374;1,418;0,365;0,877;0,335;0,445;0,241;8,075E-2;0,193;5,050E-2;0,332;2,599E-2
5,636;0,375;1,414;0,360;0,873;0,322;0,444;0,220;8,227E-2;0,182;5,538E-2;0,317;3,152E-2
5,652;0,376;1,409;0,357;0,870;0,309;0,442;0,199;8,375E-2;0,155;6,045E-2;0,294;2,710E-2
5,669;0,377;1,405;0,354;0,867;0,296;0,441;0,179;8,632E-2;0,132;6,196E-2;0,273;3,381E-2
5,686;0,379;1,400;0,352;0,864;0,284;0,442;0,158;8,939E-2;0,107;6,927E-2;0,237;2,975E-2
5,702;0,380;1,395;0,351;0,861;0,274;0,442;0,138;9,415E-2;9,270E-2;7,169E-2;0,222;3,707E-2
5,719;0,381;1,391;0,349;0,859;0,266;0,442;0,119;9,932E-2;7,303E-2;8,369E-2;0,195;3,403E-2
5,736;0,381;1,387;0,349;0,857;0,260;0,441;0,101;0,105;5,428E-2;8,767E-2;0,189;3,700E-2
5,752;0,382;1,384;0,349;0,855;0,257;0,440;8,348E-2;0,111;3,909E-2;9,611E-2;0,160;3,554E-2
5,769;0,383;1,382;0,352;0,853;0,257;0,439;6,656E-2;0,119;1,340E-2;0,107;0,134;3,985E-2
5,786;0,383;1,381;0,356;0,851;0,260;0,438;5,132E-2;0,128;3,321E-3;0,125;0,121;4,559E-2
5,802;0,383;1,379;0,361;0,849;0,266;0,437;3,955E-2;0,139;-1,210E-2;0,135;9,786E-2;4,295E-2
5,819;0,383;1,381;0,367;0,849;0,276;0,436;3,257E-2;0,152;-1,616E-2;0,153;8,054E-2;5,186E-2
5,836;0,383;1,383;0,373;0,849;0,289;0,434;2,876E-2;0,165;-1,620E-2;0,171;6,720E-2;5,759E-2
5,852;0,385;1,386;0,379;0,849;0,306;0,431;3,072E-2;0,178;-6,886E-3;0,197;5,606E-2;5,996E-2
5,869;0,385;1,389;0,384;0,849;0,324;0,429;3,651E-2;0,192;7,654E-4;0,212;3,735E-2;6,508E-2
5,886;0,384;1,392;0,388;0,850;0,344;0,427;4,857E-2;0,207;1,472E-2;0,231;4,069E-2;8,358E-2
5,902;0,383;1,394;0,389;0,851;0,364;0,424;6,222E-2;0,223;2,901E-2;0,246;5,834E-2;0,104
5,919;0,382;1,396;0,390;0,852;0,385;0,426;8,136E-2;0,233;4,706E-2;0,256;7,424E-2;0,107
5,936;0,379;1,399;0,389;0,855;0,407;0,429;0,104;0,237;7,508E-2;0,263;0,103;0,112
5,952;0,378;1,402;0,387;0,858;0,429;0,433;0,130;0,237;9,003E-2;0,257;0,133;0,119
5,969;0,377;1,404;0,385;0,861;0,451;0,438;0,157;0,232;0,115;0,249;0,177;0,112
5,986;0,375;1,407;0,384;0,865;0,470;0,445;0,187;0,223;0,144;0,237;0,208;0,112
6,002;0,374;1,409;0,383;0,870;0,487;0,452;0,217;0,212;0,174;0,221;0,253;9,680E-2
6,019;0,370;1,411;0,381;0,874;0,502;0,459;0,250;0,198;0,207;0,201;0,295;9,252E-2
6,036;0,368;1,413;0,381;0,878;0,515;0,466;0,285;0,183;0,241;0,181;0,333;7,869E-2
6,053;0,366;1,413;0,382;0,881;0,525;0,473;0,323;0,167;0,281;0,159;0,375;7,620E-2
6,069;0,364;1,414;0,383;0,883;0,534;0,478;0,362;0,150;0,322;0,136;0,426;7,294E-2
6,086;0,361;1,413;0,385;0,884;0,540;0,481;0,404;0,134;0,367;0,115;0,480;5,914E-2
6,103;0,360;1,411;0,385;0,885;0,544;0,483;0,448;0,119;0,413;9,448E-2;0,528;5,547E-2
6,119;0,358;1,409;0,386;0,883;0,547;0,482;0,492;0,108;0,456;7,632E-2;0,584;5,282E-2
6,136;0,356;1,406;0,386;0,881;0,547;0,480;0,537;9,984E-2;0,500;6,705E-2;0,634;5,850E-2
6,153;0,355;1,403;0,387;0,878;0,548;0,477;0,580;9,544E-2;0,548;5,623E-2;0,680;7,094E-2
6,169;0,354;1,400;0,388;0,874;0,548;0,474;0,618;9,596E-2;0,589;5,275E-2;0,734;7,882E-2
6,186;0,353;1,396;0,389;0,869;0,550;0,470;0,653;0,100;0,635;5,598E-2;0,771;9,760E-2
6,203;0,352;1,391;0,391;0,865;0,551;0,467;0,679;0,106;0,662;5,493E-2;0,796;0,106
6,219;0,352;1,387;0,392;0,860;0,553;0,465;0,696;0,109;0,670;5,584E-2;0,814;0,121
6,236;0,351;1,384;0,392;0,856;0,556;0,463;0,704;0,108;0,687;5,164E-2;0,819;0,121
6,253;0,351;1,380;0,393;0,853;0,560;0,461;0,702;0,104;0,691;5,410E-2;0,817;0,108
6,269;0,351;1,378;0,395;0,851;0,564;0,460;0,693;9,700E-2;0,673;4,603E-2;0,807;9,808E-2
6,286;0,352;1,376;0,397;0,849;0,569;0,459;0,678;8,834E-2;0,655;4,799E-2;0,812;9,268E-2
6,303;0,352;1,375;0,401;0,848;0,572;0,456;0,661;8,196E-2;0,639;4,216E-2;0,771;7,035E-2
6,319;0,352;1,374;0,407;0,848;0,572;0,454;0,653;8,295E-2;0,615;3,742E-2;0,763;5,681E-2
6,336;0,352;1,375;0,412;0,853;0,572;0,458;0,636;8,209E-2;0,596;4,741E-2;0,749;5,519E-2
6,353;0,352;1,378;0,414;0,861;0,573;0,461;0,615;8,174E-2;0,573;5,294E-2;0,720;4,100E-2
6,369;0,353;1,383;0,416;0,868;0,572;0,462;0,597;8,088E-2;0,555;4,888E-2;0,695;3,100E-2
6,386;0,354;1,388;0,416;0,872;0,564;0,462;0,576;7,946E-2;0,526;5,171E-2;0,681;2,938E-2
6,403;0,356;1,393;0,415;0,876;0,556;0,461;0,557;7,857E-2;0,512;5,012E-2;0,657;3,211E-2
6,419;0,359;1,397;0,415;0,879;0,545;0,461;0,535;7,839E-2;0,494;5,008E-2;0,639;3,545E-2
6,436;0,361;1,402;0,412;0,881;0,532;0,461;0,514;7,899E-2;0,468;4,310E-2;0,618;2,943E-2
6,453;0,363;1,407;0,410;0,885;0,519;0,460;0,493;7,944E-2;0,451;4,931E-2;0,592;3,196E-2
6,469;0,364;1,411;0,407;0,889;0,504;0,460;0,471;8,008E-2;0,423;4,612E-2;0,567;3,091E-2
6,486;0,368;1,414;0,406;0,890;0,490;0,459;0,451;8,007E-2;0,410;4,877E-2;0,554;3,485E-2
6,503;0,371;1,417;0,404;0,891;0,475;0,457;0,430;7,994E-2;0,390;4,850E-2;0,541;3,343E-2
6,519;0,373;1,421;0,401;0,891;0,460;0,456;0,409;8,073E-2;0,366;4,978E-2;0,501;3,255E-2
6,536;0,374;1,423;0,397;0,891;0,443;0,456;0,388;8,094E-2;0,346;4,750E-2;0,485;3,609E-2
6,553;0,375;1,425;0,393;0,891;0,429;0,455;0,368;8,158E-2;0,329;5,171E-2;0,466;3,942E-2
6,569;0,376;1,425;0,389;0,890;0,412;0,454;0,346;8,216E-2;0,298;5,230E-2;0,448;3,918E-2
6,586;0,376;1,425;0,385;0,889;0,397;0,453;0,326;8,268E-2;0,286;5,696E-2;0,425;3,655E-2
6,603;0,377;1,424;0,382;0,886;0,382;0,451;0,305;8,261E-2;0,265;5,669E-2;0,405;3,610E-2
6,619;0,378;1,423;0,377;0,884;0,368;0,449;0,284;8,322E-2;0,238;5,975E-2;0,379;3,684E-2
6,636;0,378;1,421;0,371;0,881;0,353;0,448;0,263;8,425E-2;0,210;5,656E-2;0,358;3,619E-2
6,653;0,378;1,418;0,367;0,878;0,339;0,446;0,242;8,514E-2;0,198;5,721E-2;0,331;3,673E-2
6,669;0,379;1,415;0,363;0,874;0,325;0,446;0,222;8,704E-2;0,175;6,273E-2;0,312;3,827E-2
6,686;0,379;1,412;0,360;0,871;0,311;0,445;0,201;8,841E-2;0,161;6,314E-2;0,291;3,584E-2
6,703;0,380;1,408;0,358;0,868;0,298;0,444;0,181;9,096E-2;0,134;7,022E-2;0,264;3,458E-2
6,719;0,380;1,403;0,355;0,866;0,285;0,445;0,161;9,364E-2;0,117;7,242E-2;0,241;3,930E-2
6,736;0,381;1,399;0,354;0,863;0,273;0,446;0,140;9,709E-2;9,804E-2;7,840E-2;0,229;3,788E-2
6,753;0,381;1,395;0,352;0,860;0,263;0,445;0,119;0,101;7,504E-2;8,392E-2;0,200;3,285E-2
6,769;0,381;1,392;0,351;0,858;0,255;0,445;0,100;0,106;5,674E-2;8,388E-2;0,184;3,460E-2
6,786;0,382;1,389;0,351;0,855;0,250;0,444;8,317E-2;0,112;3,731E-2;9,388E-2;0,169;3,655E-2
6,803;0,383;1,387;0,352;0,853;0,248;0,444;6,541E-2;0,118;1,518E-2;0,110;0,147;3,948E-2
6,819;0,384;1,385;0,355;0,852;0,249;0,443;5,011E-2;0,126;1,542E-3;0,122;0,131;3,945E-2
6,836;0,384;1,384;0,359;0,850;0,253;0,441;3,701E-2;0,136;-9,636E-3;0,131;0,101;4,336E-2
6,853;0,385;1,385;0,364;0,849;0,261;0,440;2,659E-2;0,147;-2,218E-2;0,152;8,472E-2;4,690E-2
6,870;0,386;1,387;0,368;0,849;0,272;0,439;2,086E-2;0,159;-2,154E-2;0,164;6,622E-2;5,023E-2
6,886;0,387;1,390;0,375;0,850;0,287;0,436;2,025E-2;0,171;-1,401E-2;0,188;4,671E-2;6,252E-2
6,903;0,388;1,394;0,379;0,851;0,304;0,432;2,440E-2;0,184;-1,158E-2;0,202;4,093E-2;6,549E-2
6,920;0,388;1,398;0,382;0,852;0,323;0,429;3,114E-2;0,198;2,200E-3;0,224;3,394E-2;7,919E-2
6,936;0,386;1,401;0,385;0,853;0,344;0,426;4,243E-2;0,214;1,667E-2;0,240;4,346E-2;9,115E-2
6,953;0,384;1,404;0,386;0,853;0,364;0,426;5,756E-2;0,227;2,425E-2;0,252;5,875E-2;0,100
6,970;0,382;1,408;0,386;0,856;0,386;0,428;7,782E-2;0,235;4,250E-2;0,263;8,039E-2;0,117
6,986;0,381;1,411;0,385;0,860;0,409;0,432;0,101;0,237;6,951E-2;0,258;0,102;0,114
7,003;0,380;1,414;0,384;0,863;0,430;0,436;0,126;0,234;8,766E-2;0,253;0,143;0,111
7,020;0,378;1,417;0,382;0,867;0,449;0,442;0,153;0,228;0,114;0,243;0,173;0,111
7,036;0,376;1,420;0,380;0,871;0,468;0,449;0,184;0,217;0,146;0,226;0,223;0,106
7,053;0,374;1,422;0,379;0,875;0,484;0,456;0,217;0,203;0,174;0,209;0,251;9,660E-2
7,070;0,371;1,423;0,378;0,880;0,499;0,463;0,253;0,187;0,209;0,187;0,307;8,658E-2
7,086;0,368;1,425;0,378;0,883;0,511;0,469;0,290;0,171;0,246;0,166;0,351;8,072E-2
7,103;0,366;1,424;0,378;0,885;0,521;0,475;0,330;0,154;0,286;0,144;0,407;6,713E-2
7,120;0,365;1,423;0,378;0,886;0,529;0,478;0,373;0,137;0,329;0,120;0,459;6,944E-2
7,136;0,363;1,421;0,379;0,887;0,536;0,481;0,417;0,122;0,376;9,917E-2;0,515;5,942E-2
7,153;0,361;1,419;0,380;0,887;0,540;0,482;0,463;0,109;0,421;8,083E-2;0,561;5,197E-2
7,170;0,360;1,415;0,380;0,884;0,542;0,481;0,509;9,906E-2;0,474;6,409E-2;0,622;5,708E-2
7,186;0,358;1,412;0,380;0,882;0,544;0,479;0,551;9,291E-2;0,519;6,107E-2;0,668;6,415E-2
7,203;0,356;1,408;0,381;0,877;0,544;0,475;0,594;9,233E-2;0,573;4,691E-2;0,726;7,801E-2
7,220;0,356;1,403;0,383;0,872;0,545;0,472;0,630;9,471E-2;0,612;4,522E-2;0,751;8,443E-2
7,236;0,355;1,398;0,385;0,867;0,546;0,468;0,658;9,835E-2;0,638;5,219E-2;0,768;9,719E-2
7,253;0,354;1,394;0,387;0,862;0,547;0,465;0,678;0,102;0,662;5,091E-2;0,793;0,109
7,270;0,355;1,390;0,389;0,859;0,549;0,464;0,687;0,101;0,668;5,160E-2;0,807;0,116
7,286;0,354;1,387;0,392;0,856;0,551;0,462;0,686;9,822E-2;0,669;4,959E-2;0,795;9,487E-2
7,303;0,355;1,384;0,394;0,854;0,555;0,460;0,678;9,124E-2;0,659;4,443E-2;0,789;8,690E-2
7,320;0,356;1,382;0,397;0,853;0,558;0,458;0,663;8,353E-2;0,642;3,435E-2;0,777;8,190E-2
7,336;0,357;1,381;0,402;0,852;0,560;0,455;0,648;8,082E-2;0,615;3,742E-2;0,756;6,873E-2
7,353;0,358;1,382;0,408;0,853;0,561;0,456;0,638;8,074E-2;0,600;4,385E-2;0,746;6,393E-2
7,370;0,358;1,383;0,412;0,861;0,564;0,462;0,618;8,029E-2;0,586;4,627E-2;0,726;5,076E-2
7,386;0,358;1,387;0,414;0,869;0,565;0,464;0,599;8,032E-2;0,561;4,555E-2;0,710;4,536E-2
7,403;0,360;1,391;0,415;0,876;0,562;0,464;0,580;7,890E-2;0,542;3,925E-2;0,682;3,674E-2
7,420;0,362;1,396;0,415;0,880;0,556;0,463;0,561;7,742E-2;0,525;4,546E-2;0,664;3,471E-2
7,436;0,364;1,399;0,416;0,882;0,547;0,461;0,540;7,613E-2;0,498;5,053E-2;0,652;3,329E-2
7,453;0,366;1,402;0,415;0,884;0,536;0,460;0,519;7,643E-2;0,475;5,004E-2;0,627;2,329E-2
7,470;0,369;1,405;0,414;0,886;0,524;0,460;0,499;7,747E-2;0,451;4,730E-2;0,602;2,761E-2
7,486;0,371;1,409;0,413;0,888;0,512;0,459;0,478;7,746E-2;0,427;4,256E-2;0,585;2,578E-2
7,503;0,373;1,412;0,411;0,890;0,498;0,457;0,458;7,749E-2;0,410;4,877E-2;0,555;3,506E-2
7,520;0,376;1,415;0,408;0,892;0,485;0,456;0,437;7,732E-2;0,392;4,672E-2;0,536;3,461E-2
7,536;0,379;1,418;0,406;0,891;0,472;0,454;0,417;7,735E-2;0,370;4,622E-2;0,506;2,579E-2
7,553;0,381;1,420;0,404;0,891;0,458;0,453;0,396;7,748E-2;0,351;5,020E-2;0,493;2,974E-2
7,570;0,382;1,422;0,401;0,890;0,443;0,453;0,375;7,889E-2;0,327;5,148E-2;0,471;2,731E-2
7,586;0,383;1,423;0,399;0,889;0,429;0,451;0,355;7,925E-2;0,308;5,344E-2;0,456;3,463E-2
7,603;0,384;1,423;0,396;0,888;0,414;0,450;0,334;7,943E-2;0,290;5,139E-2;0,429;3,337E-2
7,620;0,384;1,422;0,394;0,885;0,399;0,448;0,313;7,940E-2;0,265;5,468E-2;0,411;3,134E-2
7,636;0,385;1,420;0,392;0,882;0,384;0,447;0,293;7,984E-2;0,245;5,441E-2;0,380;2,968E-2
7,653;0,386;1,418;0,390;0,879;0,370;0,445;0,272;8,140E-2;0,223;5,592E-2;0,368;3,005E-2
7,670;0,387;1,416;0,386;0,876;0,356;0,443;0,252;8,251E-2;0,206;5,812E-2;0,345;3,656E-2
7,687;0,387;1,413;0,383;0,873;0,343;0,442;0,231;8,463E-2;0,182;5,940E-2;0,317;3,152E-2
7,703;0,388;1,410;0,379;0,870;0,330;0,441;0,211;8,771E-2;0,162;6,940E-2;0,298;3,665E-2
7,720;0,390;1,406;0,377;0,867;0,316;0,442;0,190;9,089E-2;0,148;6,981E-2;0,271;3,182E-2
7,737;0,390;1,402;0,375;0,865;0,304;0,443;0,170;9,552E-2;0,123;7,511E-2;0,249;3,296E-2
7,753;0,391;1,398;0,373;0,863;0,293;0,444;0,151;0,101;0,101;8,487E-2;0,236;3,512E-2
7,770;0,393;1,394;0,372;0,861;0,284;0,445;0,132;0,107;8,015E-2;9,264E-2;0,221;4,065E-2
7,787;0,394;1,391;0,372;0,860;0,278;0,446;0,115;0,112;6,364E-2;9,483E-2;0,190;4,436E-2
7,803;0,394;1,389;0,374;0,858;0,275;0,445;9,715E-2;0,119;4,621E-2;0,105;0,171;3,854E-2
7,820;0,395;1,386;0,376;0,856;0,275;0,444;8,118E-2;0,128;2,810E-2;0,121;0,147;4,306E-2
7,837;0,395;1,384;0,379;0,854;0,279;0,443;6,712E-2;0,137;1,916E-2;0,128;0,126;4,620E-2
7,853;0,394;1,382;0,385;0,852;0,285;0,441;5,677E-2;0,147;8,619E-3;0,150;0,105;4,555E-2
7,870;0,394;1,382;0,390;0,851;0,296;0,439;4,982E-2;0,160;2,782E-3;0,165;9,087E-2;5,666E-2
7,887;0,394;1,383;0,395;0,851;0,309;0,436;4,757E-2;0,172;1,255E-2;0,187;7,058E-2;5,979E-2
7,903;0,394;1,386;0,401;0,851;0,325;0,433;5,073E-2;0,184;1,520E-2;0,199;6,521E-2;5,918E-2
7,920;0,394;1,389;0,406;0,851;0,342;0,430;5,814E-2;0,196;2,944E-2;0,217;5,403E-2;7,785E-2
7,937;0,394;1,392;0,409;0,851;0,361;0,427;6,945E-2;0,209;4,144E-2;0,237;6,375E-2;8,801E-2
7,953;0,393;1,395;0,409;0,853;0,381;0,426;8,387E-2;0,222;5,659E-2;0,247;7,506E-2;0,100
7,970;0,391;1,398;0,409;0,854;0,402;0,427;0,102;0,230;6,818E-2;0,252;9,909E-2;0,112
7,987;0,389;1,401;0,408;0,857;0,423;0,430;0,124;0,233;8,379E-2;0,258;0,131;0,114
8,003;0,388;1,404;0,406;0,860;0,445;0,434;0,148;0,232;0,113;0,253;0,159;0,110
8,020;0,387;1,407;0,404;0,865;0,465;0,439;0,174;0,228;0,134;0,245;0,189;0,100
8,037;0,385;1,410;0,402;0,869;0,482;0,445;0,202;0,221;0,160;0,232;0,231;0,102
8,053;0,382;1,412;0,400;0,874;0,498;0,452;0,232;0,211;0,193;0,211;0,274;0,106
8,070;0,380;1,414;0,400;0,878;0,513;0,460;0,264;0,197;0,221;0,198;0,317;9,496E-2
8,087;0,377;1,415;0,399;0,882;0,525;0,467;0,297;0,183;0,249;0,183;0,354;8,649E-2
8,103;0,375;1,416;0,399;0,885;0,535;0,473;0,334;0,168;0,292;0,159;0,401;7,189E-2
8,120;0,373;1,416;0,400;0,887;0,544;0,477;0,372;0,151;0,330;0,135;0,448;7,537E-2
8,137;0,371;1,414;0,400;0,888;0,550;0,481;0,413;0,135;0,366;0,117;0,498;5,938E-2
8,153;0,369;1,413;0,399;0,888;0,556;0,483;0,456;0,120;0,418;9,230E-2;0,551;5,811E-2
8,170;0,367;1,410;0,399;0,886;0,559;0,483;0,499;0,108;0,466;7,545E-2;0,604;5,684E-2
8,187;0,365;1,408;0,399;0,883;0,561;0,481;0,544;9,905E-2;0,512;6,440E-2;0,643;6,131E-2
8,203;0,364;1,404;0,399;0,880;0,563;0,478;0,587;9,455E-2;0,555;5,089E-2;0,700;7,317E-2
8,220;0,363;1,399;0,400;0,875;0,563;0,474;0,627;9,475E-2;0,606;4,454E-2;0,753;8,463E-2
8,237;0,362;1,394;0,401;0,870;0,564;0,470;0,661;9,860E-2;0,639;4,617E-2;0,782;9,524E-2
8,253;0,360;1,389;0,402;0,864;0,566;0,467;0,687;0,103;0,663;4,890E-2;0,808;0,105
8,270;0,358;1,384;0,403;0,859;0,567;0,464;0,704;0,105;0,687;5,365E-2;0,817;0,110
8,287;0,357;1,379;0,404;0,855;0,569;0,462;0,713;0,104;0,690;5,611E-2;0,828;0,111
8,303;0,356;1,376;0,407;0,852;0,572;0,460;0,713;9,976E-2;0,687;4,963E-2;0,823;0,107
8,320;0,356;1,374;0,408;0,850;0,575;0,458;0,706;9,411E-2;0,685;4,739E-2;0,808;9,450E-2
8,337;0,357;1,372;0,411;0,849;0,578;0,456;0,693;8,601E-2;0,664;3,887E-2;0,793;7,836E-2
8,353;0,357;1,371;0,415;0,847;0,580;0,454;0,676;8,214E-2;0,644;3,458E-2;0,790;7,437E-2
8,370;0,357;1,370;0,420;0,849;0,580;0,454;0,667;8,321E-2;0,627;4,280E-2;0,768;6,100E-2
8,387;0,358;1,373;0,424;0,856;0,581;0,460;0,650;8,285E-2;0,612;4,321E-2;0,763;5,681E-2
8,403;0,359;1,376;0,425;0,865;0,582;0,463;0,630;8,189E-2;0,590;4,673E-2;0,746;4,763E-2
8,420;0,360;1,382;0,426;0,873;0,579;0,463;0,610;8,033E-2;0,566;4,400E-2;0,715;3,503E-2
8,437;0,361;1,388;0,426;0,878;0,572;0,463;0,590;7,852E-2;0,551;4,642E-2;0,699;3,141E-2
8,454;0,363;1,392;0,426;0,880;0,562;0,462;0,569;7,783E-2;0,535;4,660E-2;0,676;2,698E-2
8,470;0,365;1,397;0,425;0,883;0,550;0,461;0,548;7,821E-2;0,505;4,319E-2;0,656;2,296E-2
8,487;0,368;1,400;0,424;0,886;0,537;0,461;0,527;7,837E-2;0,476;4,602E-2;0,636;2,610E-2
8,504;0,370;1,404;0,423;0,890;0,524;0,460;0,505;7,822E-2;0,458;4,196E-2;0,604;3,517E-2
8,520;0,374;1,408;0,423;0,892;0,509;0,459;0,485;7,827E-2;0,435;4,950E-2;0,588;3,334E-2
8,537;0,378;1,412;0,423;0,894;0,497;0,457;0,464;7,809E-2;0,419;4,968E-2;0,565;3,070E-2
8,554;0,382;1,414;0,422;0,894;0,481;0,457;0,444;7,815E-2;0,394;5,297E-2;0,549;3,067E-2
8,570;0,386;1,417;0,420;0,894;0,466;0,456;0,423;7,823E-2;0,370;5,024E-2;0,527;3,360E-2
8,587;0,389;1,420;0,417;0,894;0,451;0,456;0,402;7,957E-2;0,347;4,974E-2;0,507;3,137E-2
8,604;0,393;1,421;0,414;0,893;0,435;0,455;0,382;8,006E-2;0,339;4,883E-2;0,481;3,568E-2
8,620;0,394;1,423;0,412;0,891;0,420;0,453;0,361;8,023E-2;0,319;5,257E-2;0,454;3,085E-2
8,637;0,396;1,422;0,409;0,889;0,405;0,451;0,341;8,056E-2;0,290;5,340E-2;0,439;3,817E-2
8,654;0,399;1,422;0,407;0,886;0,391;0,450;0,320;8,177E-2;0,272;5,336E-2;0,418;3,573E-2
8,670;0,400;1,421;0,403;0,883;0,378;0,448;0,299;8,217E-2;0,251;5,309E-2;0,394;3,309E-2
8,687;0,402;1,418;0,399;0,880;0,366;0,446;0,279;8,319E-2;0,231;5,483E-2;0,372;3,603E-2
8,704;0,403;1,416;0,395;0,877;0,353;0,445;0,258;8,443E-2;0,215;5,501E-2;0,356;3,599E-2
8,720;0,405;1,413;0,391;0,874;0,342;0,444;0,238;8,595E-2;0,190;5,830E-2;0,324;2,697E-2
8,737;0,407;1,409;0,387;0,871;0,330;0,443;0,217;8,862E-2;0,159;6,292E-2;0,304;3,010E-2
8,754;0,408;1,406;0,385;0,869;0,319;0,444;0,197;9,246E-2;0,152;6,625E-2;0,278;3,621E-2
8,770;0,409;1,402;0,384;0,867;0,307;0,446;0,178;9,687E-2;0,131;7,401E-2;0,260;3,954E-2
8,787;0,409;1,398;0,383;0,864;0,298;0,446;0,158;0,102;0,110;7,976E-2;0,243;4,130E-2
8,804;0,409;1,395;0,383;0,862;0,290;0,447;0,139;0,107;9,042E-2;9,177E-2;0,221;4,065E-2
8,820;0,410;1,392;0,385;0,860;0,285;0,447;0,121;0,113;6,943E-2;9,752E-2;0,200;4,000E-2
8,837;0,410;1,389;0,388;0,858;0,283;0,446;0,104;0,120;5,401E-2;0,108;0,178;4,115E-2
8,854;0,410;1,387;0,391;0,856;0,284;0,445;8,806E-2;0,128;2,855E-2;0,117;0,161;4,290E-2
8,870;0,410;1,385;0,397;0,854;0,287;0,444;7,385E-2;0,137;2,139E-2;0,127;0,139;4,404E-2
8,887;0,410;1,383;0,403;0,851;0,293;0,443;6,332E-2;0,147;1,108E-2;0,146;0,125;4,599E-2
8,904;0,411;1,382;0,410;0,849;0,302;0,441;5,429E-2;0,159;9,032E-3;0,164;9,705E-2;5,011E-2
8,920;0,411;1,383;0,417;0,848;0,315;0,438;5,174E-2;0,170;9,218E-3;0,180;7,834E-2;5,523E-2
8,937;0,412;1,385;0,424;0,848;0,331;0,435;5,400E-2;0,181;1,721E-2;0,199;6,322E-2;6,077E-2
8,954;0,413;1,388;0,429;0,848;0,349;0,431;5,894E-2;0,193;2,743E-2;0,217;5,622E-2;7,447E-2
8,970;0,414;1,390;0,433;0,848;0,370;0,428;6,870E-2;0,208;3,921E-2;0,238;5,680E-2;8,541E-2
8,987;0,413;1,393;0,435;0,849;0,391;0,426;8,222E-2;0,224;4,966E-2;0,254;6,192E-2;0,104
9,004;0,412;1,396;0,436;0,850;0,414;0,426;9,976E-2;0,238;7,307E-2;0,263;8,278E-2;0,112
9,020;0,409;1,399;0,435;0,853;0,438;0,429;0,121;0,246;8,598E-2;0,274;0,111;0,119
9,037;0,407;1,402;0,434;0,857;0,461;0,433;0,145;0,250;0,107;0,271;0,133;0,119
9,054;0,405;1,406;0,433;0,862;0,482;0,438;0,170;0,251;0,137;0,272;0,175;0,117
9,070;0,403;1,409;0,431;0,867;0,503;0,445;0,197;0,246;0,160;0,268;0,213;0,129
9,087;0,400;1,412;0,429;0,871;0,520;0,453;0,226;0,238;0,184;0,257;0,249;0,120
9,104;0,396;1,414;0,428;0,876;0,538;0,461;0,257;0,226;0,215;0,230;0,285;0,117
9,120;0,394;1,415;0,428;0,880;0,552;0,468;0,289;0,212;0,244;0,209;0,352;0,106
9,137;0,390;1,415;0,428;0,883;0,564;0,474;0,324;0,196;0,289;0,190;0,382;9,690E-2
9,154;0,387;1,414;0,428;0,885;0,575;0,480;0,361;0,179;0,323;0,161;0,417;8,823E-2
9,170;0,383;1,413;0,428;0,886;0,584;0,483;0,401;0,161;0,350;0,150;0,457;7,639E-2
9,187;0,381;1,411;0,428;0,886;0,591;0,486;0,443;0,143;0,402;0,123;0,522;7,296E-2
9,204;0,379;1,408;0,427;0,885;0,596;0,486;0,486;0,127;0,445;0,102;0,589;6,059E-2
9,220;0,378;1,404;0,427;0,883;0,599;0,485;0,533;0,113;0,501;7,932E-2;0,629;6,147E-2
9,237;0,377;1,401;0,427;0,881;0,599;0,483;0,578;0,103;0,539;6,535E-2;0,681;6,378E-2
9,254;0,375;1,398;0,427;0,877;0,600;0,481;0,622;9,807E-2;0,595;5,745E-2;0,738;7,207E-2
9,271;0,373;1,394;0,427;0,873;0,599;0,477;0,662;9,702E-2;0,629;5,731E-2;0,785;8,649E-2
9,287;0,372;1,389;0,429;0,868;0,598;0,473;0,694;0,100;0,668;5,160E-2;0,809;0,102
9,304;0,371;1,386;0,429;0,863;0,598;0,469;0,719;0,105;0,695;4,853E-2;0,833;0,112
9,321;0,370;1,382;0,431;0,859;0,596;0,466;0,733;0,106;0,703;4,744E-2;0,847;0,115
9,337;0,369;1,378;0,433;0,856;0,597;0,463;0,738;0,105;0,719;5,327E-2;0,857;0,111
9,354;0,369;1,375;0,435;0,854;0,599;0,461;0,734;0,101;0,710;4,812E-2;0,853;9,957E-2
9,371;0,369;1,374;0,437;0,853;0,602;0,460;0,722;9,403E-2;0,700;4,497E-2;0,831;9,714E-2
9,387;0,369;1,372;0,440;0,852;0,605;0,458;0,705;8,733E-2;0,682;3,690E-2;0,807;8,177E-2
9,404;0,370;1,371;0,443;0,851;0,606;0,457;0,689;8,517E-2;0,662;3,864E-2;0,796;7,498E-2
9,421;0,370;1,371;0,448;0,855;0,606;0,458;0,682;8,545E-2;0,641;4,439E-2;0,778;6,938E-2
9,437;0,370;1,373;0,451;0,862;0,607;0,463;0,663;8,471E-2;0,630;4,928E-2;0,766;6,617E-2
9,454;0,370;1,377;0,453;0,870;0,608;0,466;0,644;8,412E-2;0,600;4,385E-2;0,746;5,299E-2
9,471;0,370;1,381;0,454;0,876;0,604;0,466;0,624;8,231E-2;0,584;4,605E-2;0,727;4,182E-2
9,487;0,371;1,386;0,454;0,880;0,596;0,465;0,603;8,022E-2;0,563;4,979E-2;0,706;3,043E-2
9,504;0,372;1,390;0,453;0,882;0,585;0,463;0,583;7,928E-2;0,541;4,929E-2;0,687;2,820E-2
9,521;0,375;1,394;0,452;0,883;0,574;0,462;0,562;7,964E-2;0,519;4,679E-2;0,664;3,829E-2
9,537;0,377;1,398;0,451;0,886;0,562;0,461;0,542;8,008E-2;0,496;4,629E-2;0,643;3,406E-2
9,554;0,381;1,402;0,450;0,889;0,550;0,460;0,521;8,067E-2;0,478;4,826E-2;0,617;3,122E-2
9,571;0,384;1,406;0,448;0,890;0,538;0,458;0,500;8,165E-2;0,444;5,465E-2;0,592;3,196E-2
9,587;0,388;1,409;0,447;0,891;0,526;0,458;0,480;8,162E-2;0,438;5,798E-2;0,584;3,473E-2
9,604;0,392;1,413;0,445;0,891;0,513;0,456;0,459;8,200E-2;0,414;5,324E-2;0,548;3,424E-2
9,621;0,396;1,416;0,442;0,890;0,500;0,456;0,439;8,220E-2;0,385;5,407E-2;0,530;3,221E-2
9,637;0,397;1,418;0,440;0,890;0,486;0,455;0,419;8,246E-2;0,363;5,156E-2;0,514;3,397E-2
9,654;0,399;1,420;0,437;0,889;0,471;0,453;0,398;8,382E-2;0,350;5,823E-2;0,492;3,153E-2
9,671;0,400;1,421;0,435;0,888;0,456;0,452;0,377;8,414E-2;0,332;5,818E-2;0,476;3,328E-2
9,687;0,400;1,421;0,431;0,886;0,441;0,451;0,357;8,442E-2;0,314;5,613E-2;0,441;3,658E-2
9,704;0,400;1,420;0,427;0,884;0,425;0,450;0,335;8,627E-2;0,293;5,988E-2;0,425;3,655E-2
9,721;0,401;1,420;0,423;0,882;0,410;0,450;0,315;8,720E-2;0,267;5,893E-2;0,410;3,492E-2
9,737;0,402;1,417;0,418;0,880;0,394;0,450;0,294;8,899E-2;0,250;6,313E-2;0,383;3,367E-2
9,754;0,403;1,415;0,413;0,878;0,378;0,449;0,273;9,132E-2;0,223;6,820E-2;0,369;3,741E-2
9,771;0,404;1,412;0,409;0,876;0,363;0,450;0,253;9,391E-2;0,207;6,838E-2;0,346;4,034E-2
9,787;0,405;1,409;0,406;0,874;0,347;0,451;0,232;9,751E-2;0,184;7,592E-2;0,318;3,888E-2
9,804;0,406;1,406;0,402;0,872;0,333;0,452;0,212;0,101;0,171;7,857E-2;0,296;3,645E-2
9,821;0,406;1,403;0,400;0,870;0,320;0,453;0,192;0,105;0,138;8,295E-2;0,273;3,560E-2
9,837;0,406;1,400;0,398;0,868;0,310;0,453;0,172;0,109;0,121;9,117E-2;0,265;3,836E-2
9,854;0,406;1,396;0,396;0,866;0,301;0,453;0,152;0,114;0,106;9,560E-2;0,240;3,373E-2
9,871;0,406;1,393;0,396;0,863;0,296;0,452;0,134;0,119;8,481E-2;0,105;0,214;3,805E-2
9,887;0,406;1,391;0,396;0,861;0,292;0,452;0,117;0,125;6,537E-2;0,115;0,196;3,960E-2
9,904;0,406;1,389;0,398;0,859;0,292;0,450;0,101;0,132;5,443E-2;0,122;0,170;4,391E-2
9,921;0,405;1,388;0,400;0,856;0,292;0,450;8,601E-2;0,140;3,408E-2;0,140;0,144;4,823E-2
9,937;0,404;1,386;0,404;0,855;0,297;0,448;7,466E-2;0,149;2,514E-2;0,147;0,131;5,039E-2
9,954;0,404;1,386;0,409;0,853;0,305;0,446;6,662E-2;0,160;1,930E-2;0,163;0,115;5,214E-2
9,971;0,404;1,388;0,415;0,853;0,316;0,444;6,323E-2;0,171;1,501E-2;0,183;9,705E-2;5,011E-2
9,987;0,405;1,391;0,420;0,852;0,331;0,441;6,495E-2;0,182;2,501E-2;0,202;7,972E-2;5,902E-2
10,004;0,404;1,394;0,424;0,852;0,347;0,438;6,809E-2;0,195;3,391E-2;0,213;7,196E-2;6,357E-2
10,021;0,403;1,397;0,427;0,853;0,367;0,433;7,520E-2;0,209;3,966E-2;0,234;6,237E-2;8,423E-2
10,037;0,401;1,400;0,430;0,853;0,388;0,430;8,791E-2;0,224;6,549E-2;0,258;6,729E-2;0,105
10,054;0,398;1,403;0,432;0,854;0,408;0,429;0,103;0,237;8,087E-2;0,266;8,518E-2;0,107
10,071;0,396;1,405;0,432;0,856;0,429;0,431;0,121;0,244;9,269E-2;0,269;0,104;0,116
10,088;0,393;1,408;0,431;0,860;0,450;0,434;0,143;0,247;0,113;0,271;0,145;0,121
10,104;0,390;1,411;0,430;0,863;0,471;0,437;0,166;0,245;0,134;0,261;0,166;0,116
10,121;0,388;1,414;0,428;0,867;0,490;0,443;0,191;0,239;0,155;0,260;0,209;0,119
10,138;0,386;1,416;0,427;0,871;0,509;0,448;0,220;0,229;0,177;0,242;0,250;0,106
10,154;0,383;1,419;0,425;0,876;0,524;0,454;0,250;0,217;0,210;0,219;0,286;9,687E-2
10,171;0,380;1,420;0,424;0,879;0,538;0,461;0,282;0,202;0,245;0,197;0,322;9,378E-2
10,188;0,378;1,421;0,424;0,882;0,551;0,467;0,316;0,185;0,272;0,179;0,371;9,389E-2
10,204;0,376;1,420;0,425;0,884;0,561;0,472;0,353;0,168;0,315;0,156;0,426;7,652E-2
10,221;0,374;1,419;0,425;0,885;0,570;0,476;0,393;0,150;0,344;0,137;0,469;6,150E-2
10,238;0,373;1,418;0,425;0,886;0,578;0,479;0,435;0,132;0,395;0,112;0,517;5,605E-2
10,254;0,371;1,415;0,424;0,885;0,583;0,481;0,479;0,117;0,442;9,302E-2;0,573;5,160E-2
10,271;0,369;1,412;0,423;0,883;0,586;0,480;0,524;0,104;0,495;7,463E-2;0,618;5,489E-2
10,288;0,369;1,409;0,422;0,880;0,588;0,479;0,569;9,521E-2;0,535;6,088E-2;0,677;5,065E-2
10,304;0,368;1,405;0,422;0,877;0,588;0,476;0,612;9,096E-2;0,587;5,252E-2;0,735;6,808E-2
10,321;0,368;1,401;0,421;0,873;0,588;0,473;0,652;9,133E-2;0,634;4,772E-2;0,777;7,653E-2
10,338;0,368;1,397;0,422;0,868;0,588;0,469;0,687;9,495E-2;0,664;3,485E-2;0,805;9,051E-2
10,354;0,368;1,393;0,423;0,863;0,589;0,466;0,712;9,970E-2;0,697;5,278E-2;0,836;0,105
10,371;0,367;1,388;0,424;0,859;0,590;0,464;0,726;0,101;0,704;4,543E-2;0,842;0,113
10,388;0,368;1,384;0,427;0,856;0,592;0,462;0,732;0,100;0,704;4,543E-2;0,844;0,113
10,404;0,369;1,382;0,429;0,854;0,594;0,460;0,727;9,473E-2;0,704;4,342E-2;0,838;9,795E-2
10,421;0,370;1,380;0,432;0,852;0,597;0,458;0,714;8,717E-2;0,680;3,667E-2;0,818;8,299E-2
10,438;0,370;1,378;0,435;0,851;0,601;0,456;0,696;8,021E-2;0,657;2,992E-2;0,809;6,925E-2
10,454;0,370;1,377;0,439;0,851;0,602;0,456;0,686;8,170E-2;0,654;3,572E-2;0,785;5,746E-2
10,471;0,370;1,378;0,443;0,858;0,602;0,460;0,671;8,118E-2;0,635;4,170E-2;0,778;5,665E-2
10,488;0,369;1,381;0,445;0,866;0,602;0,463;0,652;7,902E-2;0,607;3,851E-2;0,763;4,230E-2
10,504;0,369;1,384;0,446;0,872;0,601;0,464;0,634;7,769E-2;0,592;4,495E-2;0,751;3,372E-2
10,521;0,369;1,389;0,447;0,877;0,595;0,464;0,612;7,716E-2;0,560;4,130E-2;0,727;2,730E-2
10,538;0,369;1,394;0,446;0,881;0,587;0,464;0,593;7,696E-2;0,547;4,395E-2;0,710;2,726E-2
10,554;0,371;1,398;0,445;0,883;0,575;0,463;0,571;7,697E-2;0,527;4,368E-2;0,685;2,979E-2
10,571;0,373;1,402;0,444;0,887;0,561;0,462;0,550;7,749E-2;0,508;4,565E-2;0,663;2,914E-2
10,588;0,375;1,406;0,442;0,890;0,547;0,461;0,528;7,805E-2;0,476;4,200E-2;0,642;2,670E-2
10,604;0,378;1,410;0,441;0,893;0,531;0,460;0,506;7,816E-2;0,460;4,420E-2;0,618;2,764E-2
10,621;0,381;1,413;0,440;0,895;0,515;0,459;0,485;7,783E-2;0,448;4,484E-2;0,596;2,700E-2
10,638;0,386;1,416;0,438;0,895;0,501;0,458;0,464;7,765E-2;0,413;4,297E-2;0,580;2,517E-2
10,654;0,390;1,419;0,436;0,895;0,485;0,458;0,444;7,802E-2;0,398;4,740E-2;0,565;2,713E-2
10,671;0,393;1,422;0,432;0,894;0,468;0,456;0,423;7,803E-2;0,384;4,782E-2;0,523;3,319E-2
10,688;0,394;1,424;0,429;0,894;0,454;0,455;0,401;7,788E-2;0,350;4,796E-2;0,490;3,312E-2
10,704;0,395;1,424;0,426;0,892;0,439;0,454;0,380;7,791E-2;0,329;4,970E-2;0,478;2,812E-2
10,721;0,397;1,424;0,423;0,889;0,424;0,452;0,359;7,887E-2;0,314;5,413E-2;0,469;2,889E-2
10,738;0,397;1,423;0,419;0,886;0,410;0,451;0,339;7,944E-2;0,294;5,185E-2;0,442;3,122E-2
10,754;0,397;1,421;0,414;0,883;0,398;0,449;0,318;7,969E-2;0,272;5,135E-2;0,418;3,394E-2
10,771;0,398;1,419;0,410;0,880;0,386;0,447;0,297;7,983E-2;0,247;5,464E-2;0,398;3,529E-2
10,788;0,397;1,416;0,405;0,877;0,373;0,446;0,277;8,042E-2;0,231;5,282E-2;0,373;3,245E-2
10,804;0,398;1,413;0,402;0,874;0,359;0,445;0,256;8,253E-2;0,213;5,077E-2;0,354;3,579E-2
10,821;0,399;1,410;0,399;0,871;0,346;0,445;0,236;8,530E-2;0,187;6,410E-2;0,316;3,510E-2
10,838;0,400;1,407;0,397;0,869;0,334;0,444;0,216;8,885E-2;0,165;6,159E-2;0,311;3,449E-2
10,854;0,401;1,403;0,396;0,866;0,322;0,445;0,195;9,289E-2;0,147;7,583E-2;0,295;3,446E-2
10,871;0,401;1,400;0,394;0,865;0,311;0,446;0,175;9,725E-2;0,122;8,113E-2;0,265;3,836E-2
10,888;0,402;1,397;0,392;0,863;0,301;0,447;0,156;0,102;0,113;8,624E-2;0,246;3,434E-2
10,905;0,402;1,395;0,391;0,863;0,295;0,448;0,137;0,108;8,773E-2;9,756E-2;0,222;3,707E-2
10,921;0,402;1,393;0,392;0,861;0,290;0,447;0,119;0,115;7,030E-2;0,108;0,202;3,842E-2
10,938;0,402;1,391;0,394;0,859;0,289;0,446;0,103;0,123;4,530E-2;0,113;0,171;4,033E-2
10,955;0,403;1,389;0,397;0,857;0,290;0,446;8,760E-2;0,131;3,389E-2;0,124;0,160;4,269E-2
10,971;0,403;1,388;0,401;0,855;0,293;0,445;7,417E-2;0,140;2,048E-2;0,135;0,141;4,245E-2
10,988;0,403;1,386;0,406;0,854;0,299;0,443;6,459E-2;0,150;1,373E-2;0,158;0,119;5,254E-2
11,005;0,403;1,386;0,411;0,852;0,309;0,441;5,796E-2;0,161;8,805E-3;0,166;0,106;5,470E-2
11,021;0,403;1,388;0,417;0,851;0,321;0,439;5,605E-2;0,172;1,255E-2;0,187;9,046E-2;6,023E-2
11,038;0,404;1,390;0,423;0,850;0,335;0,435;5,663E-2;0,184;1,520E-2;0,199;7,891E-2;6,617E-2
11,055;0,405;1,392;0,427;0,849;0,352;0,431;6,010E-2;0,197;2,451E-2;0,225;6,558E-2;7,191E-2
11,071;0,405;1,393;0,429;0,849;0,371;0,427;6,882E-2;0,211;3,875E-2;0,242;5,720E-2;8,183E-2
11,088;0,404;1,396;0,430;0,849;0,391;0,425;8,082E-2;0,225;5,367E-2;0,254;6,294E-2;9,517E-2
11,105;0,402;1,398;0,430;0,850;0,411;0,425;9,591E-2;0,238;6,905E-2;0,262;7,563E-2;0,111
11,121;0,400;1,401;0,427;0,852;0,432;0,427;0,116;0,245;8,420E-2;0,272;0,102;0,116
11,138;0,398;1,403;0,425;0,856;0,453;0,431;0,138;0,248;0,110;0,275;0,126;0,119
11,155;0,397;1,406;0,423;0,860;0,474;0,436;0,163;0,246;0,125;0,271;0,169;0,118
11,171;0,394;1,409;0,420;0,865;0,493;0,442;0,190;0,240;0,153;0,257;0,206;0,111
11,188;0,391;1,412;0,417;0,870;0,510;0,450;0,219;0,231;0,180;0,234;0,255;0,110
11,205;0,387;1,415;0,414;0,875;0,525;0,457;0,250;0,218;0,202;0,220;0,294;0,103
11,221;0,384;1,416;0,413;0,880;0,538;0,465;0,282;0,204;0,246;0,205;0,337;0,106
11,238;0,382;1,418;0,412;0,884;0,550;0,472;0,317;0,187;0,279;0,182;0,376;8,356E-2
11,255;0,378;1,418;0,411;0,887;0,559;0,478;0,356;0,170;0,312;0,162;0,425;8,010E-2
11,271;0,375;1,417;0,410;0,888;0,567;0,483;0,396;0,152;0,361;0,131;0,478;6,610E-2
11,288;0,372;1,415;0,409;0,889;0,573;0,486;0,438;0,135;0,403;0,115;0,527;5,905E-2
11,305;0,369;1,412;0,407;0,888;0,577;0,487;0,483;0,120;0,454;9,640E-2;0,596;6,140E-2
11,321;0,366;1,410;0,406;0,887;0,580;0,487;0,526;0,109;0,497;7,084E-2;0,641;5,932E-2
11,338;0,363;1,406;0,405;0,884;0,583;0,486;0,571;0,100;0,537;6,111E-2;0,690;6,659E-2
11,355;0,362;1,401;0,404;0,880;0,584;0,483;0,614;9,694E-2;0,589;5,275E-2;0,740;7,048E-2
11,371;0,361;1,397;0,405;0,875;0,584;0,479;0,651;9,685E-2;0,628;5,106E-2;0,780;8,767E-2
11,388;0,360;1,393;0,406;0,870;0,582;0,475;0,682;9,883E-2;0,671;4,982E-2;0,802;9,389E-2
11,405;0,359;1,389;0,406;0,865;0,580;0,471;0,705;0,103;0,695;4,853E-2;0,825;0,104
11,421;0,358;1,385;0,407;0,861;0,579;0,467;0,719;0,104;0,701;4,922E-2;0,837;0,112
11,438;0,357;1,383;0,408;0,858;0,579;0,465;0,724;0,103;0,703;4,944E-2;0,840;0,113
11,455;0,357;1,379;0,409;0,855;0,580;0,463;0,721;9,859E-2;0,695;4,853E-2;0,840;9,994E-2
11,471;0,356;1,378;0,411;0,853;0,582;0,461;0,712;9,273E-2;0,695;4,853E-2;0,824;9,990E-2
11,488;0,356;1,377;0,414;0,852;0,584;0,458;0,696;8,501E-2;0,666;3,307E-2;0,812;8,775E-2
11,505;0,357;1,377;0,419;0,852;0,584;0,456;0,679;7,782E-2;0,652;3,549E-2;0,794;7,299E-2
11,521;0,357;1,378;0,425;0,853;0,582;0,453;0,672;7,926E-2;0,636;3,367E-2;0,784;6,462E-2
11,538;0,359;1,379;0,431;0,859;0,579;0,457;0,655;7,919E-2;0,608;3,048E-2;0,764;4,608E-2
11,555;0,361;1,384;0,434;0,868;0,579;0,460;0,634;7,772E-2;0,594;4,116E-2;0,751;5,002E-2
11,571;0,363;1,389;0,435;0,875;0,577;0,462;0,616;7,567E-2;0,570;4,044E-2;0,726;3,624E-2
11,588;0,366;1,394;0,435;0,882;0,570;0,462;0,595;7,341E-2;0,544;3,948E-2;0,712;3,104E-2
11,605;0,368;1,398;0,436;0,886;0,561;0,461;0,575;7,242E-2;0,529;4,190E-2;0,680;2,560E-2
11,621;0,371;1,401;0,435;0,890;0,549;0,461;0,554;7,221E-2;0,511;4,387E-2;0,667;2,418E-2
11,638;0,373;1,405;0,435;0,892;0,536;0,462;0,533;7,238E-2;0,491;4,159E-2;0,639;1,914E-2
11,655;0,376;1,408;0,434;0,895;0,522;0,461;0,512;7,350E-2;0,461;3,817E-2;0,621;2,984E-2
11,672;0,378;1,413;0,433;0,897;0,507;0,460;0,491;7,397E-2;0,436;4,347E-2;0,596;3,058E-2
11,688;0,382;1,417;0,432;0,897;0,493;0,459;0,470;7,414E-2;0,417;4,343E-2;0,576;2,834E-2
11,705;0,385;1,420;0,430;0,898;0,477;0,459;0,449;7,392E-2;0,411;4,275E-2;0,562;2,672E-2
11,722;0,387;1,423;0,428;0,897;0,462;0,458;0,428;7,446E-2;0,387;4,403E-2;0,524;2,425E-2
11,738;0,389;1,425;0,424;0,896;0,446;0,458;0,407;7,615E-2;0,362;4,531E-2;0,511;2,461E-2
11,755;0,390;1,426;0,420;0,896;0,430;0,456;0,387;7,635E-2;0,342;4,303E-2;0,497;2,299E-2
11,772;0,390;1,426;0,415;0,893;0,416;0,454;0,366;7,627E-2;0,323;4,701E-2;0,469;2,710E-2
11,788;0,390;1,425;0,411;0,890;0,403;0,453;0,347;7,634E-2;0,299;4,427E-2;0,444;2,605E-2
11,805;0,391;1,423;0,406;0,887;0,390;0,451;0,325;7,786E-2;0,281;4,423E-2;0,430;2,622E-2
11,822;0,392;1,420;0,402;0,883;0,377;0,449;0,305;7,818E-2;0,255;5,354E-2;0,399;2,634E-2
11,838;0,394;1,418;0,398;0,880;0,363;0,448;0,284;7,826E-2;0,233;5,104E-2;0,393;2,573E-2
11,855;0,395;1,415;0,393;0,877;0,351;0,446;0,263;7,938E-2;0,221;4,967E-2;0,354;2,127E-2
11,872;0,397;1,413;0,390;0,874;0,339;0,445;0,243;8,060E-2;0,199;5,319E-2;0,344;2,741E-2
11,888;0,398;1,409;0,386;0,870;0,326;0,444;0,223;8,290E-2;0,167;5,780E-2;0,314;2,575E-2
11,905;0,400;1,405;0,385;0,867;0,315;0,444;0,202;8,629E-2;0,153;6,223E-2;0,285;3,702E-2
11,922;0,401;1,401;0,383;0,864;0,303;0,444;0,182;8,988E-2;0,130;6,174E-2;0,267;3,499E-2
11,938;0,402;1,397;0,381;0,862;0,295;0,444;0,163;9,478E-2;0,122;6,685E-2;0,253;3,337E-2
11,955;0,403;1,393;0,380;0,860;0,287;0,444;0,143;9,994E-2;9,402E-2;7,794E-2;0,231;3,272E-2
11,972;0,403;1,390;0,379;0,859;0,283;0,444;0,124;0,106;7,258E-2;8,771E-2;0,199;3,264E-2
11,988;0,404;1,389;0,380;0,857;0,281;0,443;0,107;0,113;5,136E-2;9,547E-2;0,189;3,521E-2
12,005;0,405;1,387;0,383;0,856;0,282;0,443;9,081E-2;0,120;4,019E-2;0,104;0,166;3,615E-2
12,022;0,406;1,386;0,387;0,854;0,285;0,442;7,696E-2;0,129;2,340E-2;0,127;0,142;3,888E-2
12,038;0,406;1,387;0,392;0,853;0,292;0,441;6,513E-2;0,140;1,779E-2;0,140;0,130;4,303E-2
12,055;0,405;1,388;0,398;0,852;0,302;0,439;5,713E-2;0,152;5,245E-3;0,161;9,985E-2;4,136E-2
12,072;0,405;1,390;0,403;0,853;0,315;0,437;5,309E-2;0,166;5,203E-3;0,180;8,969E-2;5,108E-2
12,088;0,406;1,393;0,408;0,853;0,330;0,435;5,410E-2;0,178;1,944E-2;0,198;7,236E-2;5,999E-2
12,105;0,406;1,396;0,413;0,854;0,347;0,433;6,096E-2;0,191;2,565E-2;0,215;6,777E-2;6,853E-2
12,122;0,406;1,399;0,415;0,854;0,368;0,430;7,271E-2;0,206;4,345E-2;0,237;6,794E-2;8,305E-2
12,138;0,404;1,402;0,415;0,856;0,387;0,429;8,622E-2;0,221;5,481E-2;0,244;7,705E-2;9,858E-2
12,155;0,402;1,404;0,415;0,858;0,408;0,430;0,103;0,231;7,197E-2;0,254;9,690E-2;0,115
12,172;0,399;1,407;0,415;0,861;0,429;0,433;0,124;0,236;8,826E-2;0,254;0,126;0,113
12,188;0,396;1,410;0,413;0,865;0,450;0,437;0,147;0,238;0,115;0,253;0,155;0,115
12,205;0,395;1,412;0,411;0,870;0,470;0,443;0,173;0,234;0,135;0,251;0,190;0,108
12,222;0,393;1,415;0,411;0,874;0,488;0,449;0,201;0,227;0,161;0,240;0,219;0,109
12,238;0,390;1,417;0,409;0,879;0,503;0,455;0,229;0,217;0,189;0,223;0,258;0,101
12,255;0,387;1,419;0,408;0,883;0,517;0,462;0,261;0,204;0,216;0,206;0,302;9,691E-2
12,272;0,384;1,420;0,408;0,886;0,530;0,469;0,293;0,189;0,249;0,181;0,334;8,426E-2
12,288;0,382;1,420;0,408;0,889;0,540;0,475;0,329;0,172;0,279;0,168;0,386;7,921E-2
12,305;0,381;1,418;0,409;0,890;0,549;0,479;0,367;0,155;0,334;0,146;0,429;6,598E-2
12,322;0,379;1,417;0,409;0,891;0,556;0,482;0,407;0,139;0,371;0,113;0,482;6,114E-2
12,338;0,378;1,414;0,408;0,890;0,562;0,483;0,449;0,124;0,407;0,101;0,522;6,202E-2
12,355;0,376;1,411;0,407;0,888;0,565;0,483;0,492;0,110;0,455;8,435E-2;0,580;5,420E-2
12,372;0,374;1,408;0,407;0,886;0,568;0,481;0,535;9,982E-2;0,501;7,330E-2;0,637;5,334E-2
12,388;0,373;1,405;0,406;0,882;0,569;0,478;0,578;9,314E-2;0,545;6,403E-2;0,697;6,203E-2
12,405;0,372;1,401;0,406;0,877;0,570;0,475;0,618;9,054E-2;0,581;5,184E-2;0,736;6,093E-2
12,422;0,371;1,397;0,407;0,871;0,570;0,470;0,654;9,249E-2;0,634;4,772E-2;0,766;7,889E-2
12,438;0,371;1,393;0,408;0,866;0,570;0,468;0,683;9,581E-2;0,657;4,621E-2;0,796;8,771E-2
12,455;0,369;1,388;0,409;0,861;0,570;0,464;0,704;9,901E-2;0,683;4,717E-2;0,827;0,104
12,472;0,368;1,385;0,411;0,856;0,571;0,461;0,715;0,100;0,687;4,963E-2;0,827;0,106
12,489;0,368;1,382;0,414;0,853;0,572;0,459;0,717;9,811E-2;0,694;4,429E-2;0,827;0,106
12,505;0,369;1,380;0,416;0,851;0,576;0,457;0,710;9,237E-2;0,684;4,114E-2;0,828;9,673E-2
12,522;0,370;1,378;0,420;0,850;0,580;0,456;0,696;8,407E-2;0,668;3,330E-2;0,808;7,819E-2
12,539;0,371;1,377;0,424;0,848;0,583;0,454;0,679;7,963E-2;0,652;3,750E-2;0,797;6,604E-2
12,555;0,371;1,378;0,430;0,849;0,584;0,454;0,671;8,104E-2;0,631;4,526E-2;0,773;5,425E-2
12,572;0,373;1,380;0,434;0,856;0,584;0,459;0,655;8,048E-2;0,608;4,878E-2;0,762;4,945E-2
12,589;0,374;1,385;0,437;0,866;0,585;0,462;0,635;7,951E-2;0,590;4,673E-2;0,744;3,827E-2
12,605;0,375;1,389;0,439;0,873;0,584;0,463;0,617;7,843E-2;0,570;4,244E-2;0,726;3,624E-2
12,622;0,377;1,393;0,439;0,877;0,578;0,463;0,596;7,696E-2;0,556;4,286E-2;0,704;3,202E-2
12,639;0,379;1,397;0,439;0,882;0,570;0,462;0,575;7,582E-2;0,533;4,637E-2;0,687;2,462E-2
12,655;0,381;1,401;0,438;0,884;0,559;0,461;0,553;7,626E-2;0,506;4,743E-2;0,659;3,052E-2
12,672;0,383;1,404;0,437;0,886;0,548;0,461;0,533;7,678E-2;0,484;4,492E-2;0,641;2,849E-2
12,689;0,386;1,406;0,436;0,888;0,536;0,460;0,512;7,703E-2;0,467;4,912E-2;0,615;2,545E-2
12,705;0,389;1,409;0,434;0,891;0,524;0,459;0,491;7,790E-2;0,444;4,438E-2;0,594;3,037E-2
12,722;0,393;1,413;0,434;0,892;0,512;0,457;0,470;7,784E-2;0,425;4,233E-2;0,570;3,131E-2
12,739;0,397;1,416;0,432;0,892;0,500;0,457;0,449;7,835E-2;0,401;4,562E-2;0,541;3,164E-2
12,755;0,400;1,418;0,429;0,892;0,487;0,456;0,428;7,852E-2;0,380;4,937E-2;0,528;3,380E-2
12,772;0,403;1,421;0,426;0,892;0,473;0,454;0,407;7,945E-2;0,362;4,732E-2;0,503;3,454E-2
12,789;0,405;1,422;0,424;0,890;0,459;0,453;0,386;8,007E-2;0,339;4,883E-2;0,491;3,133E-2
12,805;0,406;1,422;0,422;0,889;0,445;0,451;0,366;8,057E-2;0,316;5,435E-2;0,469;3,426E-2
12,822;0,407;1,422;0,420;0,886;0,431;0,449;0,346;8,049E-2;0,310;5,367E-2;0,442;3,122E-2
12,839;0,409;1,421;0,418;0,884;0,415;0,448;0,325;8,064E-2;0,273;5,760E-2;0,426;2,939E-2
12,855;0,409;1,420;0,415;0,881;0,401;0,447;0,305;8,088E-2;0,257;5,578E-2;0,394;3,667E-2
12,872;0,409;1,418;0,410;0,878;0,386;0,446;0,283;8,250E-2;0,233;5,305E-2;0,373;3,066E-2
12,889;0,409;1,415;0,406;0,875;0,371;0,445;0,261;8,395E-2;0,216;5,926E-2;0,353;3,200E-2
12,905;0,410;1,412;0,401;0,872;0,358;0,444;0,241;8,632E-2;0,196;6,099E-2;0,331;3,494E-2
12,922;0,410;1,409;0,397;0,870;0,344;0,445;0,220;8,917E-2;0,171;6,228E-2;0,315;3,132E-2
12,939;0,411;1,405;0,394;0,867;0,332;0,445;0,200;9,302E-2;0,154;6,848E-2;0,287;3,901E-2
12,955;0,411;1,401;0,392;0,866;0,321;0,445;0,181;9,771E-2;0,131;7,602E-2;0,262;3,438E-2
12,972;0,411;1,398;0,389;0,864;0,311;0,446;0,161;0,103;0,114;8,223E-2;0,247;3,991E-2
12,989;0,412;1,394;0,388;0,862;0,304;0,446;0,142;0,108;0,102;9,514E-2;0,226;3,569E-2
13,005;0,412;1,392;0,389;0,860;0,298;0,446;0,124;0,114;7,792E-2;9,442E-2;0,198;3,801E-2
13,022;0,412;1,390;0,391;0,858;0,296;0,445;0,107;0,121;5,935E-2;0,115;0,185;3,838E-2
13,039;0,412;1,388;0,395;0,856;0,297;0,444;9,167E-2;0,129;4,215E-2;0,123;0,161;4,290E-2
13,055;0,412;1,386;0,399;0,854;0,301;0,442;7,864E-2;0,138;3,006E-2;0,140;0,143;4,624E-2
13,072;0,411;1,385;0,404;0,852;0,309;0,440;6,944E-2;0,150;1,975E-2;0,159;0,125;4,599E-2
13,089;0,411;1,385;0,409;0,851;0,320;0,437;6,315E-2;0,161;1,414E-2;0,173;0,106;5,112E-2
13,105;0,410;1,388;0,413;0,852;0,334;0,435;6,301E-2;0,174;2,369E-2;0,196;8,611E-2;5,068E-2
13,122;0,410;1,391;0,416;0,853;0,350;0,433;6,646E-2;0,186;3,459E-2;0,207;7,375E-2;6,377E-2
13,139;0,409;1,393;0,419;0,853;0,368;0,431;7,562E-2;0,198;4,660E-2;0,227;6,298E-2;7,886E-2
13,155;0,407;1,395;0,421;0,854;0,387;0,428;8,620E-2;0,212;6,353E-2;0,239;8,323E-2;9,203E-2
13,172;0,404;1,397;0,420;0,855;0,406;0,428;0,101;0,223;7,667E-2;0,249;9,892E-2;9,744E-2
13,189;0,400;1,399;0,419;0,857;0,426;0,430;0,122;0,229;9,474E-2;0,251;0,131;0,105
13,205;0,397;1,401;0,417;0,860;0,446;0,433;0,143;0,231;0,105;0,250;0,149;0,103
13,222;0,394;1,404;0,414;0,863;0,466;0,437;0,168;0,227;0,136;0,245;0,185;0,109
13,239;0,391;1,407;0,412;0,867;0,484;0,443;0,195;0,220;0,163;0,224;0,207;9,888E-2
13,255;0,388;1,409;0,409;0,871;0,500;0,449;0,223;0,210;0,187;0,212;0,253;0,100
13,272;0,385;1,410;0,407;0,874;0,513;0,456;0,254;0,197;0,213;0,197;0,305;8,638E-2
13,289;0,382;1,412;0,406;0,878;0,524;0,462;0,287;0,183;0,241;0,182;0,333;7,869E-2
13,306;0,379;1,413;0,405;0,881;0,535;0,468;0,322;0,167;0,286;0,159;0,380;7,681E-2
13,322;0,376;1,413;0,405;0,883;0,544;0,473;0,359;0,152;0,326;0,133;0,432;6,639E-2
13,339;0,375;1,412;0,404;0,884;0,550;0,476;0,399;0,136;0,367;0,123;0,483;5,040E-2
13,356;0,373;1,411;0,403;0,885;0,556;0,479;0,439;0,121;0,405;9,495E-2;0,532;4,872E-2
13,372;0,371;1,409;0,403;0,885;0,559;0,480;0,483;0,109;0,448;7,943E-2;0,589;5,522E-2
13,389;0,370;1,405;0,401;0,883;0,561;0,479;0,526;9,930E-2;0,502;6,728E-2;0,637;5,334E-2
13,406;0,368;1,403;0,401;0,880;0,563;0,478;0,571;9,421E-2;0,546;5,600E-2;0,683;5,683E-2
13,422;0,367;1,399;0,401;0,876;0,563;0,474;0,612;9,327E-2;0,597;5,366E-2;0,725;7,422E-2
13,439;0,365;1,395;0,401;0,871;0,563;0,472;0,649;9,703E-2;0,630;4,727E-2;0,768;9,003E-2
13,456;0,364;1,390;0,402;0,866;0,564;0,469;0,680;0,103;0,663;4,489E-2;0,815;0,113
13,472;0,362;1,385;0,403;0,861;0,564;0,466;0,701;0,106;0,676;5,451E-2;0,819;0,121
13,489;0,360;1,381;0,404;0,857;0,566;0,463;0,713;0,108;0,697;4,876E-2;0,834;0,117
13,506;0,358;1,376;0,405;0,853;0,568;0,461;0,716;0,105;0,699;5,100E-2;0,836;0,105
13,522;0,357;1,372;0,407;0,851;0,572;0,459;0,711;9,977E-2;0,687;4,963E-2;0,823;0,102
13,539;0,356;1,370;0,410;0,849;0,577;0,457;0,699;9,258E-2;0,678;3,845E-2;0,805;8,873E-2
13,556;0,355;1,368;0,414;0,848;0,580;0,456;0,682;8,512E-2;0,662;3,864E-2;0,783;7,535E-2
13,572;0,355;1,367;0,420;0,847;0,582;0,454;0,669;8,571E-2;0,641;4,439E-2;0,776;6,917E-2
13,589;0,355;1,368;0,426;0,851;0,582;0,456;0,660;8,566E-2;0,620;4,613E-2;0,770;5,941E-2
13,606;0,355;1,370;0,429;0,858;0,585;0,461;0,640;8,426E-2;0,600;4,586E-2;0,752;4,466E-2
13,622;0,356;1,374;0,432;0,865;0,585;0,464;0,621;8,359E-2;0,584;4,605E-2;0,736;4,283E-2
13,639;0,358;1,380;0,433;0,873;0,582;0,465;0,602;8,212E-2;0,565;5,002E-2;0,709;3,979E-2
13,656;0,360;1,385;0,433;0,877;0,574;0,464;0,581;8,105E-2;0,536;5,486E-2;0,693;3,617E-2
13,672;0,362;1,390;0,433;0,881;0,563;0,463;0,560;8,141E-2;0,516;4,857E-2;0,673;3,573E-2
13,689;0,364;1,394;0,432;0,883;0,551;0,462;0,539;8,152E-2;0,492;4,583E-2;0,643;3,228E-2
13,706;0,366;1,398;0,431;0,886;0,537;0,461;0,518;8,172E-2;0,472;4,757E-2;0,625;4,118E-2
13,722;0,368;1,402;0,432;0,889;0,524;0,459;0,497;8,168E-2;0,449;4,707E-2;0,607;3,179E-2
13,739;0,373;1,405;0,431;0,890;0,510;0,458;0,476;8,139E-2;0,435;4,950E-2;0,579;3,412E-2
13,756;0,378;1,408;0,431;0,892;0,497;0,458;0,456;8,182E-2;0,419;4,968E-2;0,555;3,864E-2
13,772;0,383;1,410;0,429;0,892;0,482;0,457;0,434;8,161E-2;0,396;5,119E-2;0,543;3,721E-2
13,789;0,386;1,414;0,425;0,892;0,466;0,456;0,413;8,120E-2;0,369;5,425E-2;0,515;3,596E-2
13,806;0,389;1,416;0,423;0,892;0,451;0,455;0,393;8,104E-2;0,351;5,421E-2;0,496;3,552E-2
