#multi:
;A;;T;;E;;M;;C;;5Mt;;
t;x;y;x;y;x;y;x;y;x;y;x;y;
0,000;0,584;1,954;0,659;1,203;0,899;0,647;1,028;0,119;0,977;6,589E-2;1,187;9,355E-2
0,017;0,585;1,953;0,668;1,212;0,901;0,655;0,999;0,118;0,944;6,874E-2;1,158;7,756E-2
0,033;0,585;1,956;0,671;1,228;0,904;0,662;0,964;0,117;0,907;7,025E-2;1,123;6,474E-2
0,050;0,585;1,961;0,672;1,240;0,901;0,663;0,934;0,115;0,873;7,147E-2;1,089;5,541E-2
0,067;0,589;1,966;0,671;1,249;0,890;0,663;0,898;0,113;0,837;7,074E-2;1,053;5,107E-2
0,083;0,592;1,972;0,670;1,254;0,876;0,661;0,864;0,113;0,802;7,079E-2;1,017;5,009E-2
0,100;0,595;1,980;0,666;1,257;0,856;0,661;0,828;0,114;0,765;7,052E-2;0,981;4,977E-2
0,117;0,597;1,988;0,660;1,261;0,832;0,660;0,791;0,115;0,728;7,179E-2;0,944;5,011E-2
0,133;0,601;1,997;0,656;1,268;0,809;0,659;0,756;0,116;0,692;7,295E-2;0,907;5,126E-2
0,150;0,604;2,005;0,652;1,272;0,781;0,658;0,719;0,116;0,656;7,356E-2;0,871;5,093E-2
0,167;0,607;2,013;0,649;1,275;0,755;0,656;0,683;0,117;0,621;7,339E-2;0,835;5,193E-2
0,183;0,608;2,021;0,643;1,277;0,725;0,656;0,646;0,117;0,585;7,383E-2;0,797;5,200E-2
0,200;0,610;2,026;0,639;1,277;0,697;0,654;0,611;0,119;0,550;7,600E-2;0,761;5,249E-2
0,217;0,609;2,031;0,633;1,277;0,669;0,653;0,575;0,120;0,514;7,824E-2;0,723;5,341E-2
0,233;0,609;2,033;0,627;1,276;0,640;0,652;0,541;0,122;0,477;8,062E-2;0,687;5,368E-2
0,250;0,609;2,033;0,621;1,273;0,612;0,649;0,502;0,121;0,442;8,213E-2;0,649;5,412E-2
0,267;0,609;2,030;0,613;1,268;0,585;0,646;0,468;0,123;0,407;8,372E-2;0,612;5,435E-2
0,283;0,609;2,026;0,605;1,262;0,561;0,643;0,432;0,123;0,371;8,560E-2;0,437;0,124
0,300;0,611;2,021;0,597;1,256;0,536;0,641;0,399;0,125;0,336;8,852E-2;0,539;5,422E-2
0,317;0,613;2,015;0,589;1,249;0,510;0,639;0,364;0,127;0,300;9,285E-2;0,501;5,517E-2
0,333;0,614;2,008;0,581;1,244;0,483;0,640;0,328;0,131;0,264;9,731E-2;0,463;5,537E-2
0,350;0,615;2,002;0,573;1,238;0,457;0,641;0,293;0,135;0,229;0,104;0,426;5,660E-2
0,367;0,616;1,994;0,567;1,233;0,432;0,643;0,258;0,141;0,194;0,112;0,389;5,653E-2
0,383;0,619;1,986;0,563;1,230;0,409;0,646;0,225;0,148;0,161;0,122;0,352;5,778E-2
0,400;0,621;1,979;0,558;1,226;0,392;0,647;0,192;0,155;0,126;0,132;0,193;0,157
0,417;0,623;1,974;0,554;1,223;0,380;0,647;0,161;0,165;9,364E-2;0,144;0,278;5,851E-2
0,434;0,625;1,970;0,552;1,220;0,373;0,648;0,129;0,176;6,255E-2;0,159;0,240;6,040E-2
0,450;0,627;1,968;0,555;1,218;0,370;0,648;0,102;0,189;3,541E-2;0,178;0,206;6,415E-2
0,467;0,629;1,966;0,559;1,215;0,374;0,647;7,777E-2;0,204;1,192E-2;0,199;0,170;6,836E-2
0,484;0,631;1,965;0,565;1,213;0,383;0,645;6,107E-2;0,221;-5,307E-3;0,223;0,136;7,369E-2
0,500;0,631;1,967;0,573;1,211;0,397;0,642;4,921E-2;0,238;5,008E-2;0,240;0,107;7,999E-2
0,517;0,631;1,971;0,581;1,211;0,416;0,637;4,374E-2;0,256;-7,639E-3;0,285;7,770E-2;8,884E-2
0,534;0,630;1,977;0,588;1,212;0,440;0,630;4,474E-2;0,276;-6,808E-3;0,310;5,303E-2;9,984E-2
0,550;0,631;1,984;0,594;1,212;0,470;0,623;5,344E-2;0,296;1,554E-2;0,338;4,205E-2;0,121
0,567;0,631;1,990;0,599;1,213;0,501;0,616;7,068E-2;0,318;3,749E-2;0,370;4,272E-2;0,146
0,584;0,628;1,996;0,601;1,215;0,533;0,613;9,190E-2;0,341;5,744E-2;0,386;6,386E-2;0,167
0,600;0,624;1,999;0,600;1,219;0,566;0,614;0,122;0,353;9,570E-2;0,401;9,928E-2;0,180
0,617;0,620;2,005;0,600;1,225;0,601;0,617;0,159;0,359;0,122;0,393;0,141;0,185
0,634;0,616;2,010;0,598;1,232;0,636;0,624;0,196;0,359;0,154;0,397;0,192;0,186
0,650;0,613;2,014;0,595;1,239;0,670;0,632;0,238;0,350;0,196;0,383;0,252;0,180
0,667;0,609;2,018;0,593;1,246;0,701;0,642;0,283;0,336;0,234;0,362;0,314;0,171
0,684;0,605;2,021;0,591;1,251;0,729;0,653;0,333;0,318;0,270;0,333;0,382;0,160
0,700;0,601;2,023;0,590;1,257;0,755;0,663;0,387;0,297;0,335;0,304;0,450;0,148
0,717;0,597;2,024;0,589;1,262;0,777;0,674;0,444;0,274;0,385;0,277;0,524;0,134
0,734;0,593;2,023;0,590;1,265;0,797;0,684;0,503;0,249;0,439;0,250;0,598;0,120
0,750;0,590;2,021;0,592;1,266;0,813;0,691;0,566;0,223;0,509;0,204;0,672;0,107
0,767;0,588;2,018;0,594;1,267;0,827;0,696;0,633;0,198;0,571;0,170;0,754;9,820E-2
0,784;0,585;2,014;0,595;1,266;0,837;0,699;0,701;0,176;0,654;0,143;0,834;9,398E-2
0,800;0,583;2,009;0,599;1,263;0,846;0,698;0,772;0,159;0,730;0,112;0,914;9,484E-2
0,817;0,582;2,003;0,601;1,257;0,851;0,695;0,841;0,146;0,811;9,875E-2;0,992;0,103
0,834;0,580;1,995;0,604;1,250;0,854;0,689;0,909;0,142;0,878;8,432E-2;1,067;0,118
0,850;0,578;1,987;0,609;1,241;0,857;0,681;0,969;0,144;0,933;7,588E-2;1,128;0,137
0,867;0,575;1,980;0,615;1,232;0,860;0,674;1,018;0,150;0,991;8,217E-2;1,180;0,156
0,884;0,573;1,973;0,621;1,223;0,863;0,668;1,052;0,155;1,045;8,090E-2;1,214;0,170
0,900;0,570;1,966;0,626;1,216;0,867;0,665;1,072;0,157;1,059;8,965E-2;1,231;0,174
0,917;0,568;1,960;0,631;1,212;0,872;0,662;1,074;0,152;1,059;8,965E-2;1,232;0,167
0,934;0,567;1,954;0,637;1,210;0,877;0,660;1,062;0,143;1,031;7,574E-2;1,220;0,151
0,950;0,568;1,951;0,644;1,209;0,884;0,657;1,041;0,131;1,011;6,621E-2;1,197;0,131
0,967;0,571;1,950;0,654;1,208;0,888;0,653;1,016;0,125;0,974;6,586E-2;1,177;0,113
0,984;0,573;1,949;0,663;1,211;0,890;0,653;1,002;0,126;0,945;6,630E-2;1,155;0,100
1,000;0,577;1,952;0,670;1,222;0,893;0,662;0,968;0,125;0,916;7,391E-2;1,122;8,751E-2
1,017;0,580;1,959;0,673;1,237;0,895;0,667;0,936;0,125;0,876;7,317E-2;1,087;7,572E-2
1,034;0,583;1,966;0,676;1,247;0,889;0,667;0,904;0,122;0,831;7,920E-2;1,053;6,406E-2
1,050;0,586;1,973;0,677;1,254;0,876;0,665;0,869;0,120;0,803;7,605E-2;1,018;5,985E-2
1,067;0,589;1,979;0,677;1,257;0,857;0,661;0,833;0,120;0,766;8,288E-2;0,981;5,871E-2
1,084;0,592;1,986;0,675;1,260;0,836;0,660;0,797;0,121;0,726;7,855E-2;0,945;5,862E-2
1,100;0,597;1,992;0,674;1,265;0,815;0,659;0,763;0,122;0,686;7,780E-2;0,908;5,854E-2
1,117;0,602;2,000;0,673;1,270;0,792;0,657;0,727;0,123;0,672;7,982E-2;0,872;6,003E-2
1,134;0,606;2,007;0,671;1,273;0,767;0,655;0,691;0,124;0,627;9,302E-2;0,836;5,957E-2
1,150;0,609;2,013;0,669;1,273;0,741;0,655;0,656;0,125;0,588;8,152E-2;0,797;5,954E-2
1,167;0,614;2,017;0,664;1,273;0,715;0,654;0,621;0,125;0,545;8,039E-2;0,762;6,029E-2
1,184;0,616;2,021;0,660;1,272;0,688;0,653;0,586;0,128;0,515;8,800E-2;0,587;0,129
1,200;0,618;2,024;0,654;1,271;0,662;0,652;0,548;0,130;0,489;9,241E-2;0,689;6,054E-2
1,217;0,620;2,025;0,647;1,268;0,635;0,653;0,513;0,133;0,448;9,884E-2;0,653;6,140E-2
1,234;0,620;2,025;0,640;1,266;0,609;0,652;0,478;0,136;0,419;0,103;0,616;6,163E-2
1,250;0,622;2,023;0,632;1,263;0,584;0,651;0,443;0,139;0,383;0,103;0,580;6,285E-2
1,267;0,624;2,020;0,624;1,259;0,561;0,652;0,410;0,143;0,345;0,113;0,412;0,144
1,284;0,628;2,016;0,616;1,255;0,539;0,652;0,377;0,147;0,312;0,120;0,509;6,398E-2
1,301;0,632;2,012;0,609;1,252;0,516;0,653;0,343;0,153;0,279;0,120;0,472;6,498E-2
1,317;0,634;2,008;0,602;1,248;0,493;0,655;0,309;0,160;0,241;0,138;0,435;6,545E-2
1,334;0,636;2,002;0,597;1,245;0,472;0,657;0,275;0,167;0,218;0,146;0,278;0,169
1,351;0,638;1,996;0,594;1,240;0,453;0,658;0,245;0,176;0,176;0,163;0,361;6,815E-2
1,367;0,640;1,989;0,593;1,237;0,438;0,660;0,214;0,185;0,157;0,172;0,324;6,952E-2
1,384;0,641;1,983;0,593;1,233;0,427;0,661;0,185;0,195;0,115;0,189;0,287;7,146E-2
1,401;0,641;1,977;0,595;1,230;0,422;0,659;0,158;0,206;8,866E-2;0,201;0,253;7,542E-2
1,417;0,642;1,973;0,599;1,225;0,421;0,658;0,134;0,220;7,274E-2;0,214;0,216;7,965E-2
1,434;0,645;1,969;0,606;1,221;0,428;0,654;0,115;0,235;5,166E-2;0,240;0,186;8,486E-2
1,451;0,646;1,967;0,614;1,216;0,440;0,648;0,103;0,250;4,331E-2;0,250;0,156;8,886E-2
1,467;0,647;1,966;0,624;1,213;0,458;0,642;9,784E-2;0,265;3,102E-2;0,296;0,129;9,465E-2
1,484;0,646;1,968;0,633;1,210;0,481;0,632;9,689E-2;0,280;5,416E-2;0,317;0,103;0,104
1,501;0,648;1,971;0,641;1,207;0,509;0,623;0,102;0,298;6,216E-2;0,343;8,686E-2;0,122
1,517;0,649;1,976;0,646;1,205;0,540;0,615;0,117;0,320;8,451E-2;0,371;8,491E-2;0,148
1,534;0,649;1,981;0,649;1,206;0,573;0,610;0,137;0,342;0,108;0,388;0,101;0,169
1,551;0,648;1,986;0,650;1,209;0,607;0,608;0,167;0,357;0,142;0,406;0,134;0,183
1,567;0,644;1,992;0,647;1,214;0,642;0,612;0,199;0,362;0,171;0,406;0,175;0,188
1,584;0,641;1,998;0,645;1,222;0,677;0,618;0,239;0,361;0,197;0,402;0,226;0,187
1,601;0,637;2,005;0,641;1,230;0,708;0,627;0,279;0,353;0,247;0,378;0,285;0,179
1,617;0,633;2,010;0,639;1,239;0,737;0,637;0,324;0,339;0,270;0,370;0,348;0,168
1,634;0,629;2,016;0,636;1,247;0,765;0,648;0,372;0,320;0,320;0,342;0,416;0,157
1,651;0,624;2,019;0,634;1,254;0,789;0,661;0,424;0,297;0,366;0,315;0,480;0,145
1,667;0,620;2,022;0,634;1,261;0,811;0,672;0,480;0,271;0,460;0,260;0,554;0,131
1,684;0,617;2,022;0,634;1,266;0,827;0,681;0,538;0,245;0,491;0,241;0,626;0,117
1,701;0,614;2,021;0,636;1,268;0,841;0,688;0,599;0,219;0,549;0,208;0,705;0,104
1,717;0,612;2,018;0,636;1,269;0,854;0,692;0,666;0,195;0,614;0,175;0,784;9,496E-2
1,734;0,609;2,014;0,637;1,268;0,865;0,694;0,734;0,173;0,682;0,121;0,867;9,111E-2
1,751;0,608;2,009;0,637;1,265;0,873;0,694;0,808;0,157;0,771;0,102;0,949;9,414E-2
1,767;0,607;2,002;0,639;1,260;0,879;0,692;0,877;0,147;0,838;8,716E-2;1,030;0,105
1,784;0,606;1,995;0,641;1,253;0,883;0,688;0,948;0,144;0,914;8,825E-2;1,106;0,124
1,801;0,604;1,987;0,643;1,245;0,887;0,683;1,013;0,150;0,987;8,178E-2;1,174;0,147
1,817;0,601;1,980;0,645;1,235;0,892;0,677;1,064;0,159;1,031;8,292E-2;1,226;0,170
1,834;0,599;1,973;0,649;1,226;0,897;0,672;1,101;0,167;1,092;8,961E-2;1,263;0,185
1,851;0,596;1,967;0,653;1,221;0,901;0,670;1,123;0,169;1,116;9,595E-2;1,284;0,192
1,867;0,594;1,961;0,657;1,217;0,907;0,668;1,128;0,165;1,116;9,595E-2;1,288;0,186
1,884;0,591;1,956;0,662;1,213;0,914;0,666;1,118;0,155;1,089;8,204E-2;1,279;0,171
1,901;0,589;1,951;0,666;1,211;0,921;0,664;1,098;0,142;1,065;7,211E-2;1,259;0,151
1,917;0,588;1,949;0,672;1,209;0,927;0,661;1,072;0,129;1,043;6,617E-2;1,233;0,130
1,934;0,589;1,947;0,682;1,207;0,927;0,654;1,051;0,125;1,014;7,019E-2;1,216;0,110
1,951;0,589;1,946;0,691;1,210;0,926;0,653;1,036;0,124;0,989;6,744E-2;1,193;9,366E-2
1,967;0,587;1,949;0,697;1,223;0,927;0,662;1,001;0,123;0,948;7,387E-2;1,160;8,093E-2
1,984;0,588;1,953;0,698;1,236;0,926;0,666;0,968;0,122;0,904;7,631E-2;1,125;6,962E-2
2,001;0,587;1,959;0,697;1,247;0,918;0,667;0,936;0,119;0,882;8,113E-2;1,091;6,202E-2
2,017;0,589;1,964;0,694;1,253;0,905;0,666;0,902;0,118;0,835;7,601E-2;1,055;5,944E-2
2,034;0,592;1,970;0,691;1,256;0,888;0,664;0,866;0,118;0,800;7,207E-2;1,019;5,892E-2
2,051;0,595;1,977;0,686;1,259;0,866;0,663;0,829;0,119;0,774;7,291E-2;0,981;5,874E-2
2,067;0,598;1,984;0,681;1,264;0,844;0,661;0,794;0,120;0,731;6,818E-2;0,945;5,861E-2
2,084;0,601;1,992;0,677;1,268;0,822;0,659;0,760;0,121;0,690;7,461E-2;0,909;5,895E-2
2,101;0,605;1,999;0,674;1,271;0,796;0,657;0,724;0,122;0,669;7,225E-2;0,872;5,931E-2
2,117;0,607;2,005;0,669;1,273;0,772;0,655;0,688;0,122;0,624;8,546E-2;0,834;5,960E-2
2,134;0,608;2,010;0,665;1,273;0,745;0,654;0,652;0,123;0,588;7,794E-2;0,799;5,928E-2
2,151;0,609;2,015;0,659;1,272;0,719;0,653;0,618;0,124;0,551;8,476E-2;0,763;6,054E-2
2,168;0,611;2,018;0,652;1,271;0,692;0,651;0,582;0,126;0,522;8,878E-2;0,726;6,009E-2
2,184;0,612;2,020;0,646;1,269;0,664;0,649;0,546;0,126;0,482;8,804E-2;0,690;6,042E-2
2,201;0,613;2,020;0,638;1,266;0,635;0,647;0,509;0,128;0,449;9,167E-2;0,652;6,113E-2
2,218;0,613;2,019;0,631;1,262;0,606;0,646;0,475;0,131;0,412;9,491E-2;0,615;6,102E-2
2,234;0,614;2,016;0,622;1,258;0,577;0,645;0,439;0,132;0,369;9,377E-2;0,441;0,133
2,251;0,616;2,012;0,613;1,254;0,550;0,645;0,404;0,135;0,343;9,819E-2;0,543;6,125E-2
2,268;0,618;2,008;0,604;1,249;0,522;0,646;0,367;0,139;0,302;0,105;0,506;6,194E-2
2,284;0,619;2,003;0,595;1,246;0,494;0,647;0,331;0,146;0,268;0,119;0,469;6,266E-2
2,301;0,620;1,998;0,587;1,242;0,470;0,650;0,296;0,152;0,220;0,132;0,431;6,288E-2
2,318;0,622;1,993;0,581;1,238;0,447;0,653;0,262;0,160;0,208;0,141;0,395;6,374E-2
2,334;0,624;1,988;0,576;1,235;0,429;0,655;0,230;0,168;0,160;0,147;0,357;6,448E-2
2,351;0,627;1,982;0,572;1,233;0,416;0,655;0,198;0,176;0,137;0,159;0,205;0,177
2,368;0,628;1,976;0,570;1,230;0,407;0,656;0,167;0,185;0,107;0,170;0,284;6,695E-2
2,384;0,628;1,973;0,570;1,226;0,400;0,655;0,139;0,196;7,270E-2;0,181;0,248;6,900E-2
2,401;0,629;1,971;0,573;1,223;0,397;0,654;0,113;0,209;5,280E-2;0,197;0,214;7,166E-2
2,418;0,632;1,969;0,578;1,218;0,399;0,653;9,137E-2;0,223;2,455E-2;0,223;0,181;7,571E-2
2,434;0,632;1,967;0,587;1,215;0,406;0,651;7,454E-2;0,237;-5,108E-4;0,253;0,148;8,019E-2
2,451;0,632;1,965;0,595;1,212;0,419;0,646;6,562E-2;0,250;1,265E-2;0,265;0,116;8,319E-2
2,468;0,631;1,967;0,605;1,210;0,437;0,640;6,058E-2;0,265;1,388E-2;0,287;8,817E-2;9,044E-2
2,484;0,633;1,970;0,615;1,208;0,463;0,630;6,223E-2;0,281;1,711E-2;0,324;6,472E-2;0,101
2,501;0,635;1,974;0,624;1,207;0,493;0,621;7,024E-2;0,300;2,988E-2;0,340;5,264E-2;0,121
2,518;0,637;1,978;0,629;1,206;0,525;0,614;8,583E-2;0,324;5,503E-2;0,375;5,476E-2;0,146
2,534;0,635;1,983;0,631;1,208;0,559;0,608;0,107;0,346;6,898E-2;0,380;7,418E-2;0,167
2,551;0,633;1,988;0,631;1,211;0,594;0,607;0,138;0,357;9,212E-2;0,401;0,106;0,180
2,568;0,629;1,994;0,630;1,216;0,628;0,610;0,173;0,362;0,139;0,406;0,149;0,183
2,584;0,625;2,000;0,630;1,224;0,662;0,618;0,213;0,359;0,154;0,400;0,203;0,180
2,601;0,621;2,006;0,629;1,231;0,694;0,627;0,254;0,349;0,200;0,376;0,262;0,172
2,618;0,615;2,012;0,627;1,240;0,722;0,638;0,299;0,333;0,224;0,357;0,328;0,161
2,634;0,609;2,016;0,626;1,247;0,749;0,649;0,349;0,312;0,274;0,334;0,395;0,148
2,651;0,603;2,018;0,625;1,255;0,771;0,660;0,402;0,288;0,329;0,296;0,468;0,134
2,668;0,598;2,019;0,625;1,260;0,790;0,669;0,456;0,262;0,398;0,260;0,544;0,121
2,684;0,591;2,019;0,625;1,264;0,807;0,677;0,518;0,235;0,464;0,224;0,621;0,106
2,701;0,586;2,018;0,625;1,266;0,822;0,682;0,580;0,208;0,526;0,187;0,695;9,357E-2
2,718;0,582;2,015;0,626;1,266;0,838;0,686;0,647;0,183;0,598;0,155;0,775;8,641E-2
2,734;0,581;2,011;0,627;1,263;0,848;0,688;0,720;0,163;0,666;0,130;0,857;8,455E-2
2,751;0,578;2,005;0,627;1,259;0,856;0,686;0,790;0,147;0,751;0,114;0,940;8,827E-2
2,768;0,576;1,999;0,626;1,252;0,862;0,683;0,858;0,139;0,830;8,996E-2;1,015;9,811E-2
2,784;0,573;1,992;0,627;1,244;0,867;0,679;0,927;0,137;0,905;7,273E-2;1,088;0,115
2,801;0,571;1,985;0,627;1,236;0,870;0,675;0,985;0,141;0,956;7,107E-2;1,147;0,135
2,818;0,570;1,978;0,629;1,228;0,874;0,670;1,031;0,147;1,002;7,618E-2;1,195;0,154
2,834;0,567;1,971;0,631;1,221;0,877;0,666;1,063;0,153;1,035;7,255E-2;1,226;0,167
2,851;0,564;1,966;0,633;1,216;0,879;0,665;1,080;0,156;1,050;7,413E-2;1,241;0,170
2,868;0,562;1,960;0,636;1,213;0,883;0,663;1,080;0,152;1,050;7,413E-2;1,239;0,165
2,884;0,560;1,958;0,640;1,211;0,887;0,660;1,065;0,143;1,032;7,216E-2;1,225;0,150
2,901;0,562;1,956;0,646;1,210;0,891;0,657;1,041;0,129;1,004;6,184E-2;1,201;0,131
2,918;0,561;1,956;0,655;1,210;0,892;0,652;1,016;0,124;0,978;6,267E-2;1,178;0,109
2,934;0,562;1,955;0,664;1,215;0,890;0,653;0,996;0,125;0,942;6,591E-2;1,152;9,587E-2
2,951;0,561;1,957;0,669;1,228;0,889;0,663;0,962;0,124;0,912;7,710E-2;1,120;8,423E-2
2,968;0,561;1,963;0,670;1,241;0,887;0,666;0,931;0,123;0,872;7,277E-2;1,087;7,360E-2
2,985;0,560;1,969;0,671;1,251;0,878;0,666;0,898;0,121;0,836;7,242E-2;1,054;6,415E-2
3,001;0,561;1,974;0,669;1,257;0,863;0,664;0,863;0,119;0,799;7,566E-2;1,018;5,933E-2
3,018;0,564;1,980;0,667;1,260;0,844;0,662;0,827;0,119;0,770;7,610E-2;0,983;5,931E-2
3,035;0,567;1,987;0,663;1,262;0,821;0,660;0,791;0,120;0,723;7,457E-2;0,947;5,885E-2
3,051;0,570;1,993;0,660;1,267;0,799;0,660;0,756;0,121;0,701;7,579E-2;0,910;5,843E-2
3,068;0,574;2,000;0,659;1,272;0,774;0,658;0,721;0,121;0,665;7,186E-2;0,873;5,966E-2
3,085;0,577;2,007;0,656;1,275;0,749;0,655;0,685;0,121;0,618;7,750E-2;0,837;5,953E-2
3,101;0,580;2,012;0,652;1,275;0,722;0,655;0,650;0,121;0,585;7,754E-2;0,800;5,902E-2
3,118;0,583;2,017;0,648;1,274;0,693;0,653;0,614;0,123;0,537;7,960E-2;0,764;5,878E-2
3,135;0,585;2,021;0,643;1,272;0,665;0,652;0,580;0,124;0,521;6,687E-2;0,727;6,052E-2
3,151;0,587;2,023;0,639;1,270;0,638;0,650;0,544;0,125;0,461;7,851E-2;0,693;6,045E-2
3,168;0,587;2,022;0,632;1,266;0,610;0,649;0,506;0,125;0,443;7,654E-2;0,655;6,151E-2
3,185;0,587;2,021;0,623;1,261;0,585;0,647;0,470;0,127;0,409;9,093E-2;0,617;6,150E-2
3,201;0,588;2,018;0,614;1,257;0,559;0,646;0,434;0,130;0,369;9,736E-2;0,572;5,604E-2
3,218;0,589;2,015;0,604;1,252;0,536;0,644;0,400;0,133;0,330;8,944E-2;0,544;6,140E-2
3,235;0,591;2,010;0,595;1,248;0,514;0,643;0,366;0,137;0,302;0,105;0,507;6,228E-2
3,251;0,592;2,004;0,586;1,243;0,490;0,644;0,329;0,141;0,259;0,103;0,469;6,192E-2
3,268;0,593;1,998;0,577;1,239;0,465;0,646;0,295;0,148;0,229;0,115;0,432;6,363E-2
3,285;0,594;1,992;0,571;1,236;0,443;0,648;0,262;0,155;0,221;0,117;0,394;6,376E-2
3,301;0,595;1,986;0,567;1,232;0,423;0,650;0,227;0,162;0,183;0,131;0,359;6,474E-2
3,318;0,598;1,979;0,563;1,229;0,409;0,651;0,197;0,170;0,149;0,149;0,323;6,530E-2
3,335;0,599;1,973;0,560;1,225;0,397;0,651;0,167;0,179;9,697E-2;0,158;0,286;6,666E-2
3,351;0,599;1,968;0,560;1,222;0,390;0,651;0,138;0,190;7,122E-2;0,175;0,249;6,673E-2
3,368;0,600;1,965;0,563;1,219;0,388;0,649;0,111;0,202;4,512E-2;0,193;0,214;6,980E-2
3,385;0,601;1,963;0,569;1,216;0,390;0,648;8,778E-2;0,216;2,214E-2;0,212;0,180;7,336E-2
3,401;0,604;1,960;0,576;1,212;0,397;0,646;6,951E-2;0,231;1,182E-2;0,240;0,147;7,766E-2
3,418;0,605;1,960;0,585;1,210;0,410;0,642;5,784E-2;0,245;3,204E-4;0,278;0,117;7,984E-2
3,435;0,606;1,961;0,594;1,208;0,428;0,636;5,158E-2;0,261;-4,667E-4;0,285;8,736E-2;8,741E-2
3,451;0,607;1,966;0,602;1,206;0,453;0,627;5,444E-2;0,278;7,143E-3;0,315;6,439E-2;9,771E-2
3,468;0,610;1,971;0,611;1,206;0,483;0,619;6,139E-2;0,297;1,633E-2;0,331;5,487E-2;0,117
3,485;0,612;1,975;0,615;1,206;0,514;0,610;7,656E-2;0,322;4,108E-2;0,370;5,577E-2;0,144
3,501;0,611;1,981;0,617;1,207;0,549;0,606;9,934E-2;0,346;6,102E-2;0,387;7,395E-2;0,165
3,518;0,608;1,988;0,616;1,212;0,583;0,606;0,129;0,360;8,136E-2;0,400;0,107;0,180
3,535;0,606;1,994;0,615;1,218;0,618;0,611;0,164;0,367;0,133;0,394;0,151;0,188
3,551;0,602;2,001;0,613;1,226;0,653;0,618;0,204;0,366;0,154;0,397;0,208;0,189
3,568;0,599;2,007;0,612;1,235;0,685;0,628;0,249;0,358;0,202;0,388;0,268;0,187
3,585;0,596;2,013;0,608;1,245;0,715;0,640;0,295;0,343;0,241;0,363;0,333;0,179
3,601;0,592;2,017;0,606;1,254;0,742;0,653;0,346;0,323;0,296;0,329;0,398;0,168
3,618;0,589;2,019;0,604;1,262;0,767;0,665;0,399;0,299;0,333;0,293;0,467;0,153
3,635;0,586;2,020;0,604;1,267;0,791;0,676;0,457;0,273;0,404;0,268;0,533;0,138
3,651;0,583;2,019;0,605;1,271;0,809;0,685;0,519;0,245;0,466;0,239;0,615;0,121
3,668;0,579;2,016;0,607;1,273;0,825;0,692;0,582;0,217;0,529;0,191;0,694;0,108
3,685;0,577;2,011;0,608;1,271;0,840;0,696;0,647;0,192;0,600;0,170;0,774;9,883E-2
3,701;0,574;2,006;0,611;1,268;0,853;0,697;0,716;0,171;0,676;0,138;0,855;9,551E-2
3,718;0,574;1,999;0,614;1,263;0,863;0,696;0,788;0,153;0,750;9,565E-2;0,938;9,755E-2
3,735;0,571;1,992;0,617;1,256;0,867;0,691;0,858;0,141;0,828;8,239E-2;1,018;0,107
3,751;0,570;1,985;0,620;1,247;0,871;0,683;0,929;0,137;0,905;7,273E-2;1,090;0,121
3,768;0,569;1,978;0,624;1,238;0,872;0,675;0,988;0,139;0,959;7,863E-2;1,152;0,140
3,785;0,568;1,971;0,628;1,229;0,873;0,668;1,034;0,145;1,010;7,338E-2;1,196;0,157
3,801;0,568;1,965;0,632;1,221;0,874;0,662;1,065;0,151;1,057;7,491E-2;1,226;0,166
3,818;0,566;1,958;0,637;1,214;0,878;0,658;1,081;0,151;1,057;7,491E-2;1,238;0,167
3,835;0,565;1,953;0,641;1,209;0,882;0,655;1,078;0,144;1,057;7,491E-2;1,236;0,157
3,852;0,565;1,948;0,646;1,207;0,888;0,652;1,062;0,132;1,036;6,897E-2;1,220;0,138
3,868;0,566;1,946;0,651;1,204;0,894;0,649;1,036;0,120;1,008;6,223E-2;1,197;0,118
3,885;0,568;1,944;0,659;1,205;0,897;0,648;1,021;0,123;0,968;5,790E-2;1,178;0,102
3,902;0,571;1,946;0,664;1,215;0,901;0,655;0,993;0,123;0,935;6,153E-2;1,151;8,819E-2
3,918;0,573;1,950;0,666;1,230;0,905;0,665;0,959;0,122;0,906;6,556E-2;1,118;7,809E-2
3,935;0,574;1,956;0,668;1,242;0,902;0,667;0,927;0,120;0,857;7,478E-2;1,082;6,599E-2
3,952;0,577;1,963;0,668;1,251;0,892;0,665;0,894;0,118;0,821;7,444E-2;1,047;5,784E-2
3,968;0,578;1,969;0,668;1,254;0,877;0,663;0,858;0,116;0,792;7,129E-2;1,011;5,705E-2
3,985;0,580;1,976;0,667;1,257;0,857;0,661;0,821;0,116;0,764;6,814E-2;0,973;5,719E-2
4,002;0,582;1,983;0,665;1,263;0,836;0,660;0,784;0,117;0,720;7,417E-2;0,938;5,733E-2
4,018;0,586;1,990;0,664;1,268;0,813;0,658;0,750;0,119;0,690;7,820E-2;0,902;5,777E-2
4,035;0,589;1,997;0,663;1,272;0,791;0,657;0,714;0,119;0,654;7,785E-2;0,865;5,855E-2
4,052;0,593;2,004;0,662;1,274;0,767;0,655;0,679;0,120;0,636;7,588E-2;0,828;5,843E-2
4,068;0,597;2,010;0,658;1,274;0,742;0,653;0,642;0,120;0,581;8,074E-2;0,791;5,790E-2
4,085;0,600;2,015;0,654;1,273;0,716;0,651;0,609;0,122;0,538;7,601E-2;0,754;5,763E-2
4,102;0,603;2,018;0,649;1,272;0,692;0,649;0,572;0,123;0,516;7,365E-2;0,718;5,889E-2
4,118;0,606;2,020;0,644;1,270;0,666;0,647;0,539;0,124;0,471;8,686E-2;0,682;5,899E-2
4,135;0,608;2,021;0,638;1,267;0,639;0,645;0,503;0,125;0,445;9,486E-2;0,646;5,810E-2
4,152;0,610;2,019;0,631;1,262;0,612;0,643;0,467;0,127;0,395;8,935E-2;0,611;5,386E-2
4,168;0,612;2,016;0,624;1,258;0,587;0,642;0,432;0,130;0,372;9,775E-2;0,573;5,845E-2
4,185;0,615;2,012;0,617;1,253;0,562;0,642;0,398;0,134;0,339;0,105;0,536;5,888E-2
4,202;0,620;2,008;0,610;1,250;0,539;0,642;0,363;0,139;0,288;0,103;0,500;5,889E-2
4,218;0,622;2,004;0,604;1,246;0,514;0,643;0,329;0,145;0,257;0,118;0,462;6,002E-2
4,235;0,625;1,998;0,597;1,243;0,491;0,645;0,296;0,152;0,224;0,129;0,426;5,624E-2
4,252;0,626;1,991;0,591;1,239;0,470;0,647;0,261;0,159;0,190;0,136;0,387;6,182E-2
4,268;0,627;1,985;0,588;1,235;0,451;0,648;0,227;0,169;0,155;0,157;0,350;6,201E-2
4,285;0,627;1,979;0,586;1,232;0,438;0,648;0,196;0,178;0,137;0,159;0,313;6,417E-2
4,302;0,628;1,974;0,587;1,228;0,429;0,649;0,169;0,189;0,110;0,174;0,278;6,673E-2
4,318;0,627;1,970;0,590;1,224;0,424;0,647;0,141;0,201;7,589E-2;0,185;0,243;7,001E-2
4,335;0,627;1,966;0,593;1,220;0,423;0,645;0,119;0,215;4,445E-2;0,207;0,209;7,420E-2
4,352;0,628;1,963;0,600;1,215;0,429;0,642;0,100;0,230;3,570E-2;0,221;0,176;7,805E-2
4,368;0,628;1,960;0,608;1,212;0,440;0,637;8,813E-2;0,246;2,857E-2;0,252;0,147;8,394E-2
4,385;0,628;1,960;0,616;1,209;0,457;0,632;8,403E-2;0,260;2,105E-2;0,288;0,118;8,800E-2
4,402;0,628;1,965;0,623;1,207;0,478;0,625;8,470E-2;0,276;3,382E-2;0,304;9,285E-2;9,793E-2
4,418;0,628;1,969;0,631;1,205;0,503;0,618;9,147E-2;0,293;4,899E-2;0,331;7,331E-2;0,115
4,435;0,628;1,973;0,636;1,206;0,533;0,611;0,105;0,312;6,496E-2;0,351;6,920E-2;0,137
4,452;0,629;1,977;0,639;1,208;0,566;0,607;0,125;0,331;9,806E-2;0,380;8,562E-2;0,156
4,468;0,628;1,983;0,638;1,211;0,598;0,607;0,152;0,346;0,108;0,388;0,122;0,167
4,485;0,626;1,989;0,636;1,216;0,631;0,610;0,184;0,350;0,140;0,399;0,164;0,171
4,502;0,623;1,996;0,634;1,222;0,664;0,614;0,221;0,348;0,175;0,377;0,212;0,169
4,518;0,622;2,002;0,632;1,230;0,695;0,622;0,262;0,339;0,214;0,345;0,270;0,164
4,535;0,619;2,007;0,630;1,237;0,724;0,631;0,307;0,324;0,251;0,339;0,338;0,153
4,552;0,616;2,011;0,628;1,245;0,747;0,641;0,354;0,304;0,275;0,323;0,407;0,141
4,568;0,612;2,014;0,627;1,252;0,771;0,653;0,407;0,281;0,340;0,290;0,477;0,128
4,585;0,608;2,016;0,627;1,257;0,791;0,662;0,459;0,256;0,406;0,254;0,544;0,116
4,602;0,605;2,015;0,628;1,261;0,809;0,670;0,520;0,231;0,457;0,216;0,619;0,105
4,618;0,602;2,013;0,628;1,263;0,825;0,677;0,580;0,208;0,523;0,180;0,692;9,535E-2
4,635;0,600;2,010;0,628;1,263;0,839;0,682;0,643;0,186;0,602;0,152;0,770;8,924E-2
4,652;0,597;2,005;0,628;1,261;0,852;0,685;0,708;0,167;0,670;0,130;0,847;8,651E-2
4,669;0,595;2,000;0,628;1,257;0,864;0,686;0,777;0,152;0,738;0,105;0,924;8,795E-2
4,685;0,593;1,994;0,628;1,251;0,873;0,684;0,845;0,141;0,835;8,318E-2;0,997;9,417E-2
4,702;0,590;1,987;0,628;1,244;0,879;0,682;0,911;0,135;0,886;7,435E-2;1,066;0,108
4,719;0,588;1,979;0,630;1,236;0,883;0,677;0,970;0,136;0,946;6,271E-2;1,129;0,123
4,735;0,586;1,972;0,631;1,227;0,886;0,673;1,018;0,140;0,988;7,102E-2;1,178;0,139
4,752;0,585;1,966;0,635;1,219;0,889;0,668;1,053;0,144;1,042;7,693E-2;1,214;0,150
4,769;0,584;1,960;0,639;1,215;0,891;0,664;1,072;0,145;1,063;8,646E-2;1,233;0,155
4,785;0,582;1,954;0,643;1,211;0,894;0,660;1,075;0,142;1,053;7,452E-2;1,234;0,151
4,802;0,579;1,949;0,648;1,209;0,896;0,657;1,065;0,134;1,032;7,216E-2;1,223;0,138
4,819;0,579;1,947;0,655;1,207;0,898;0,653;1,043;0,124;0,984;4,872E-2;1,202;0,120
4,835;0,579;1,945;0,663;1,207;0,897;0,649;1,021;0,124;0,969;4,714E-2;1,179;0,101
4,852;0,579;1,947;0,670;1,215;0,899;0,655;0,996;0,125;0,938;6,551E-2;1,152;8,961E-2
4,869;0,578;1,951;0,673;1,229;0,900;0,663;0,962;0,122;0,906;6,556E-2;1,120;7,904E-2
4,885;0,577;1,957;0,672;1,242;0,896;0,667;0,930;0,121;0,883;7,037E-2;1,086;6,865E-2
4,902;0,578;1,964;0,671;1,252;0,885;0,667;0,896;0,119;0,828;7,881E-2;1,051;6,024E-2
4,919;0,579;1,970;0,669;1,258;0,868;0,664;0,860;0,117;0,803;7,605E-2;1,016;5,693E-2
4,935;0,582;1,977;0,667;1,262;0,847;0,662;0,824;0,117;0,763;7,531E-2;0,980;5,673E-2
4,952;0,585;1,983;0,665;1,267;0,825;0,661;0,788;0,117;0,720;7,059E-2;0,943;5,703E-2
4,969;0,588;1,989;0,663;1,272;0,800;0,659;0,752;0,117;0,694;7,142E-2;0,905;5,750E-2
4,985;0,590;1,996;0,659;1,275;0,774;0,658;0,654;7,494E-2;0,867;5,863E-2;0,868;5,747E-2
5,002;0,593;2,002;0,657;1,276;0,751;0,655;0,683;0,119;0,617;8,108E-2;0,832;5,832E-2
5,019;0,596;2,009;0,654;1,277;0,722;0,655;0,648;0,120;0,581;8,432E-2;0,795;5,822E-2
5,035;0,600;2,014;0,650;1,275;0,696;0,653;0,610;0,126;0,545;8,039E-2;0,758;5,801E-2
5,052;0,602;2,017;0,645;1,274;0,668;0,652;0,575;0,122;0,508;8,721E-2;0,721;5,938E-2
5,069;0,604;2,018;0,640;1,272;0,641;0,649;0,540;0,123;0,486;8,485E-2;0,545;0,126
5,085;0,605;2,018;0,634;1,268;0,616;0,648;0,504;0,124;0,436;7,934E-2;0,649;5,957E-2
5,102;0,607;2,015;0,628;1,263;0,590;0,646;0,469;0,127;0,398;8,975E-2;0,611;6,016E-2
5,119;0,609;2,011;0,621;1,258;0,565;0,644;0,433;0,128;0,365;9,696E-2;0,575;5,980E-2
5,135;0,611;2,007;0,613;1,252;0,541;0,643;0,398;0,131;0,336;9,740E-2;0,533;5,822E-2
5,152;0,613;2,003;0,604;1,248;0,518;0,643;0,298;0,100;0,500;6,200E-2;0,501;6,061E-2
5,169;0,616;1,997;0,597;1,244;0,495;0,645;0,331;0,140;0,266;0,108;0,463;6,064E-2
5,185;0,618;1,991;0,590;1,240;0,472;0,647;0,296;0,147;0,221;0,117;0,426;6,082E-2
5,202;0,621;1,984;0,586;1,236;0,450;0,649;0,264;0,162;0,205;0,137;0,381;5,452E-2
5,219;0,622;1,979;0,583;1,233;0,431;0,652;0,228;0,163;0,156;0,147;0,351;6,289E-2
5,235;0,625;1,972;0,580;1,229;0,417;0,653;0,197;0,173;0,136;0,163;0,314;6,443E-2
5,252;0,626;1,967;0,581;1,227;0,409;0,654;0,168;0,184;0,103;0,173;0,278;6,676E-2
5,269;0,626;1,964;0,583;1,224;0,405;0,654;0,140;0,196;6,513E-2;0,184;0,243;7,047E-2
5,285;0,626;1,961;0,586;1,221;0,404;0,653;0,115;0,209;5,800E-2;0,216;0,208;7,417E-2
5,302;0,627;1,959;0,592;1,217;0,408;0,651;9,597E-2;0,224;3,810E-2;0,232;0,174;7,829E-2
5,319;0,628;1,957;0,600;1,215;0,418;0,648;8,135E-2;0,239;2,140E-2;0,252;0,143;8,372E-2
5,335;0,630;1,955;0,608;1,212;0,435;0,642;7,433E-2;0,253;1,982E-2;0,266;0,114;8,710E-2
5,352;0,631;1,958;0,617;1,210;0,455;0,635;7,187E-2;0,269;2,743E-2;0,296;8,989E-2;9,491E-2
5,369;0,634;1,962;0,625;1,207;0,481;0,626;7,419E-2;0,286;3,185E-2;0,322;6,819E-2;0,109
5,385;0,636;1,968;0,632;1,205;0,510;0,617;8,592E-2;0,306;4,624E-2;0,356;5,976E-2;0,133
5,402;0,637;1,973;0,636;1,206;0,543;0,610;0,105;0,328;7,257E-2;0,381;6,749E-2;0,156
5,419;0,637;1,978;0,637;1,209;0,578;0,608;0,130;0,347;8,971E-2;0,390;9,844E-2;0,172
5,435;0,634;1,984;0,637;1,214;0,612;0,610;0,162;0,354;0,126;0,394;0,137;0,179
5,452;0,632;1,991;0,636;1,220;0,646;0,614;0,197;0,355;0,158;0,397;0,184;0,178
5,469;0,627;1,998;0,635;1,229;0,679;0,621;0,238;0,348;0,198;0,391;0,241;0,171
5,485;0,624;2,003;0,635;1,238;0,709;0,631;0,282;0,335;0,226;0,368;0,304;0,161
5,502;0,619;2,009;0,634;1,247;0,738;0,641;0,329;0,316;0,364;0,150;0,370;0,148
5,519;0,615;2,014;0,633;1,254;0,761;0,653;0,379;0,294;0,436;0,136;0,442;0,135
5,536;0,610;2,017;0,633;1,261;0,780;0,663;0,433;0,268;0,368;0,264;0,516;0,121
5,552;0,606;2,020;0,634;1,267;0,798;0,673;0,492;0,241;0,433;0,242;0,591;0,107
5,569;0,602;2,020;0,636;1,271;0,814;0,680;0,554;0,215;0,499;0,202;0,668;9,463E-2
5,586;0,600;2,019;0,638;1,273;0,827;0,685;0,621;0,190;0,568;0,166;0,745;6,858E-2
5,602;0,597;2,016;0,638;1,271;0,838;0,688;0,689;0,168;0,633;0,134;0,834;7,839E-2
5,619;0,595;2,012;0,639;1,268;0,847;0,689;0,761;0,151;0,712;0,110;0,918;8,112E-2
5,636;0,593;2,007;0,641;1,263;0,854;0,688;0,834;0,140;0,794;8,602E-2;0,983;8,174E-2
5,652;0,591;2,001;0,643;1,256;0,859;0,684;0,901;0,136;0,859;8,952E-2;1,064;0,104
5,669;0,590;1,994;0,645;1,248;0,862;0,678;0,962;0,139;0,940;8,384E-2;1,139;0,128
5,686;0,589;1,986;0,647;1,238;0,866;0,672;1,014;0,144;0,974;7,303E-2;1,196;0,144
5,702;0,589;1,979;0,651;1,229;0,870;0,666;1,054;0,151;1,017;7,776E-2;1,223;0,160
5,719;0,588;1,972;0,656;1,220;0,874;0,663;1,080;0,156;1,063;8,287E-2;1,254;0,170
5,736;0,587;1,965;0,660;1,214;0,880;0,660;1,092;0,155;1,082;7,767E-2;1,258;0,170
5,752;0,586;1,959;0,663;1,209;0,888;0,658;1,089;0,149;1,053;8,169E-2;1,259;0,160
5,769;0,586;1,953;0,666;1,206;0,895;0,657;1,075;0,138;1,042;7,693E-2;1,252;0,160
5,786;0,587;1,950;0,670;1,204;0,901;0,654;1,051;0,126;1,018;7,058E-2;1,218;0,146
5,802;0,589;1,948;0,675;1,203;0,903;0,650;1,033;0,126;0,981;7,023E-2;1,171;0,102
5,819;0,590;1,947;0,682;1,208;0,905;0,655;1,010;0,127;0,966;7,583E-2;1,146;9,323E-2
5,836;0,591;1,951;0,684;1,224;0,908;0,665;0,976;0,126;0,915;7,750E-2;1,150;8,719E-2
5,852;0,592;1,957;0,683;1,238;0,905;0,668;0,944;0,125;0,878;8,432E-2;1,091;6,456E-2
5,869;0,592;1,964;0,681;1,249;0,894;0,668;0,910;0,123;0,850;7,400E-2;1,059;6,425E-2
5,886;0,593;1,970;0,678;1,254;0,877;0,666;0,875;0,121;0,806;7,645E-2;1,024;6,040E-2
5,902;0,596;1,977;0,675;1,256;0,856;0,662;0,840;0,120;0,778;7,330E-2;0,991;6,967E-2
5,919;0,600;1,983;0,671;1,259;0,833;0,661;0,804;0,121;0,744;8,051E-2;0,943;5,802E-2
5,936;0,601;1,990;0,666;1,264;0,809;0,659;0,768;0,122;0,711;8,415E-2;0,917;5,841E-2
5,952;0,605;1,994;0,661;1,269;0,785;0,658;0,733;0,123;0,671;8,699E-2;0,886;5,171E-2
5,969;0,608;2,000;0,657;1,271;0,761;0,657;0,698;0,123;0,639;8,345E-2;0,834;5,249E-2
5,986;0,610;2,005;0,652;1,272;0,735;0,656;0,662;0,124;0,610;8,388E-2;0,807;5,927E-2
6,002;0,612;2,009;0,646;1,271;0,710;0,654;0,627;0,125;0,569;8,673E-2;0,781;6,924E-2
6,019;0,614;2,012;0,639;1,271;0,682;0,653;0,590;0,127;0,518;8,839E-2;0,721;5,620E-2
6,036;0,615;2,014;0,633;1,270;0,655;0,651;0,556;0,129;0,492;9,639E-2;0,695;7,929E-2
6,052;0,617;2,015;0,627;1,267;0,629;0,649;0,519;0,130;0,467;9,722E-2;0,659;5,912E-2
6,069;0,617;2,013;0,621;1,263;0,603;0,647;0,486;0,131;0,420;9,211E-2;0,617;5,456E-2
6,086;0,618;2,009;0,614;1,258;0,576;0,646;0,450;0,132;0,377;9,097E-2;0,577;7,271E-2
6,102;0,619;2,005;0,606;1,253;0,551;0,644;0,416;0,135;0,350;9,897E-2;0,555;6,706E-2
6,119;0,621;2,000;0,598;1,247;0,526;0,643;0,381;0,138;0,313;0,106;0,519;6,640E-2
6,136;0,623;1,994;0,591;1,243;0,503;0,643;0,346;0,143;0,269;0,112;0,474;6,469E-2
6,152;0,625;1,988;0,583;1,239;0,479;0,644;0,312;0,149;0,250;0,121;0,448;6,189E-2
6,169;0,627;1,981;0,577;1,235;0,456;0,646;0,279;0,156;0,213;0,127;0,403;6,337E-2
6,186;0,629;1,974;0,573;1,231;0,436;0,649;0,246;0,164;0,193;0,140;0,368;6,764E-2
6,202;0,631;1,968;0,570;1,229;0,421;0,651;0,214;0,174;0,155;0,157;0,332;6,949E-2
6,219;0,632;1,962;0,568;1,225;0,409;0,651;0,183;0,183;0,132;0,169;0,295;7,735E-2
6,236;0,632;1,958;0,569;1,222;0,403;0,651;0,155;0,195;9,023E-2;0,187;0,263;7,065E-2
6,252;0,632;1,955;0,573;1,218;0,402;0,650;0,130;0,208;5,997E-2;0,198;0,223;7,922E-2
6,269;0,633;1,953;0,580;1,215;0,406;0,649;0,108;0,223;4,208E-2;0,228;0,194;8,565E-2
6,286;0,634;1,951;0,589;1,212;0,415;0,645;9,131E-2;0,239;2,499E-2;0,252;0,158;8,923E-2
6,302;0,634;1,949;0,600;1,208;0,432;0,640;8,218E-2;0,255;2,341E-2;0,266;0,130;9,400E-2
6,319;0,633;1,951;0,611;1,206;0,452;0,634;7,962E-2;0,271;3,102E-2;0,296;0,103;0,100
6,336;0,633;1,953;0,620;1,205;0,478;0,626;8,320E-2;0,289;4,620E-2;0,323;8,213E-2;0,113
6,352;0,635;1,958;0,629;1,203;0,508;0,617;9,431E-2;0,310;6,496E-2;0,351;7,263E-2;0,137
6,369;0,636;1,964;0,635;1,203;0,541;0,610;0,111;0,333;8,411E-2;0,375;7,893E-2;0,160
6,386;0,638;1,967;0,639;1,205;0,577;0,606;0,139;0,353;0,107;0,395;0,104;0,178
6,403;0,637;1,972;0,638;1,209;0,611;0,607;0,170;0,363;0,136;0,398;0,142;0,188
6,419;0,634;1,977;0,637;1,214;0,647;0,611;0,206;0,366;0,155;0,390;0,187;0,189
6,436;0,631;1,984;0,634;1,221;0,681;0,618;0,245;0,362;0,192;0,386;0,241;0,186
6,453;0,627;1,990;0,633;1,228;0,714;0,627;0,287;0,350;0,226;0,376;0,303;0,177
6,469;0,625;1,996;0,631;1,236;0,742;0,638;0,334;0,333;0,279;0,349;0,370;0,165
6,486;0,621;2,001;0,630;1,243;0,768;0,649;0,383;0,312;0,323;0,317;0,438;0,153
6,503;0,618;2,003;0,630;1,250;0,790;0,661;0,434;0,289;0,373;0,290;0,509;0,139
6,519;0,615;2,005;0,631;1,255;0,809;0,671;0,491;0,263;0,446;0,255;0,576;0,126
6,536;0,611;2,005;0,633;1,259;0,825;0,679;0,551;0,237;0,500;0,224;0,655;0,113
6,553;0,608;2,004;0,634;1,261;0,838;0,684;0,613;0,211;0,569;0,185;0,731;0,101
6,569;0,605;2,001;0,635;1,261;0,849;0,687;0,681;0,188;0,638;0,160;0,810;9,412E-2
6,586;0,603;1,996;0,635;1,259;0,858;0,688;0,752;0,166;0,703;0,127;0,887;9,217E-2
6,603;0,601;1,991;0,636;1,255;0,865;0,687;0,823;0,151;0,789;0,107;0,968;9,739E-2
6,619;0,599;1,986;0,638;1,248;0,871;0,684;0,896;0,143;0,866;9,390E-2;1,047;0,111
6,636;0,598;1,978;0,640;1,241;0,875;0,678;0,962;0,143;0,929;8,266E-2;1,122;0,131
6,653;0,596;1,971;0,642;1,231;0,879;0,671;1,024;0,150;1,015;9,210E-2;1,184;0,154
6,669;0,594;1,963;0,647;1,222;0,883;0,665;1,072;0,159;1,046;7,732E-2;1,233;0,175
6,686;0,592;1,957;0,652;1,214;0,888;0,660;1,105;0,166;1,093;7,885E-2;1,266;0,188
6,703;0,591;1,950;0,657;1,207;0,895;0,658;1,122;0,167;1,106;9,477E-2;1,281;0,191
6,719;0,589;1,944;0,661;1,202;0,903;0,656;1,125;0,161;1,103;8,720E-2;1,281;0,182
6,736;0,586;1,938;0,667;1,200;0,913;0,653;1,113;0,150;1,092;8,602E-2;1,269;0,164
6,753;0,586;1,935;0,673;1,198;0,921;0,651;1,091;0,136;1,075;7,688E-2;1,248;0,142
6,769;0,586;1,932;0,682;1,196;0,926;0,647;1,067;0,128;1,039;7,295E-2;1,227;0,120
6,786;0,587;1,931;0,692;1,198;0,927;0,646;1,054;0,130;1,130;0,272;1,207;0,104
6,803;0,587;1,933;0,699;1,209;0,932;0,655;1,023;0,129;0,977;8,060E-2;1,175;8,918E-2
6,819;0,587;1,937;0,702;1,223;0,934;0,662;0,990;0,128;0,929;8,624E-2;1,142;7,818E-2
6,836;0,588;1,944;0,702;1,236;0,930;0,664;0,959;0,125;0,892;8,589E-2;1,108;6,886E-2
6,853;0,590;1,951;0,700;1,244;0,919;0,663;0,923;0,123;0,860;8,235E-2;1,074;6,463E-2
6,869;0,593;1,958;0,697;1,248;0,903;0,661;0,888;0,123;0,821;7,802E-2;1,037;6,481E-2
6,886;0,595;1,965;0,693;1,252;0,884;0,660;0,852;0,123;0,802;8,323E-2;1,001;6,409E-2
6,903;0,597;1,972;0,688;1,257;0,863;0,660;0,817;0,124;0,745;7,334E-2;0,964;6,366E-2
6,919;0,600;1,979;0,685;1,262;0,839;0,658;0,782;0,125;0,714;8,812E-2;0,928;6,402E-2
6,936;0,603;1,987;0,682;1,265;0,815;0,656;0,685;8,426E-2;0,707;9,092E-2;0,892;6,455E-2
6,953;0,605;1,995;0,678;1,267;0,790;0,654;0,712;0,126;0,660;8,939E-2;0,856;6,476E-2
6,969;0,606;2,002;0,673;1,268;0,762;0,654;0,679;0,127;0,605;9,425E-2;0,820;6,426E-2
6,986;0,608;2,007;0,668;1,269;0,733;0,653;0,646;0,126;0,584;8,830E-2;0,783;6,429E-2
7,003;0,608;2,013;0,662;1,269;0,705;0,651;0,607;0,129;0,539;9,792E-2;0,746;6,538E-2
7,019;0,610;2,015;0,655;1,268;0,676;0,651;0,573;0,129;0,510;9,836E-2;0,574;0,132
7,036;0,610;2,016;0,647;1,265;0,645;0,649;0,537;0,131;0,477;9,840E-2;0,675;6,629E-2
7,053;0,611;2,015;0,638;1,262;0,615;0,648;0,500;0,132;0,434;9,727E-2;0,638;6,617E-2
7,069;0,612;2,014;0,630;1,257;0,586;0,647;0,465;0,134;0,404;0,105;0,601;6,623E-2
7,086;0,614;2,010;0,622;1,252;0,558;0,645;0,430;0,136;0,375;0,105;0,566;6,658E-2
7,103;0,615;2,006;0,612;1,247;0,533;0,644;0,395;0,139;0,345;0,109;0,529;6,714E-2
7,119;0,616;2,000;0,602;1,241;0,506;0,645;0,359;0,143;0,305;0,112;0,492;6,758E-2
7,136;0,616;1,993;0,593;1,236;0,479;0,646;0,324;0,148;0,262;0,111;0,454;6,794E-2
7,153;0,617;1,986;0,586;1,231;0,455;0,647;0,289;0,153;0,247;0,109;0,417;6,881E-2
7,169;0,618;1,979;0,580;1,226;0,435;0,648;0,256;0,160;0,190;0,136;0,381;6,968E-2
7,186;0,621;1,973;0,575;1,222;0,419;0,648;0,224;0,166;0,164;0,140;0,345;6,977E-2
7,203;0,622;1,968;0,573;1,219;0,408;0,648;0,191;0,174;0,126;0,161;0,305;7,201E-2
7,220;0,622;1,963;0,572;1,215;0,400;0,647;0,161;0,185;9,382E-2;0,187;0,276;7,525E-2
7,236;0,623;1,961;0,574;1,213;0,397;0,647;0,133;0,197;7,510E-2;0,192;0,237;7,193E-2
7,253;0,625;1,960;0,579;1,210;0,398;0,646;0,109;0,210;3,649E-2;0,213;0,195;7,607E-2
7,270;0,626;1,960;0,586;1,208;0,402;0,645;8,833E-2;0,224;3,172E-2;0,224;0,166;7,291E-2
7,286;0,626;1,959;0,594;1,207;0,411;0,643;7,283E-2;0,241;1,462E-2;0,247;0,139;8,354E-2
7,303;0,626;1,962;0,604;1,205;0,427;0,639;6,643E-2;0,256;5,918E-3;0,293;0,108;8,882E-2
7,320;0,628;1,967;0,614;1,206;0,450;0,633;6,358E-2;0,273;1,790E-2;0,317;8,257E-2;9,881E-2
7,336;0,631;1,974;0,623;1,206;0,478;0,625;6,834E-2;0,292;2,709E-2;0,332;6,519E-2;0,114
7,353;0,633;1,980;0,630;1,207;0,510;0,616;8,055E-2;0,316;3,867E-2;0,359;6,246E-2;0,138
7,370;0,633;1,986;0,631;1,208;0,545;0,610;9,959E-2;0,340;6,461E-2;0,387;7,290E-2;0,163
7,386;0,632;1,991;0,632;1,212;0,581;0,606;0,128;0,359;8,534E-2;0,397;0,100;0,181
7,403;0,630;1,997;0,632;1,217;0,618;0,608;0,162;0,370;0,120;0,411;0,138;0,193
7,420;0,628;2,003;0,630;1,223;0,656;0,614;0,201;0,375;0,145;0,418;0,187;0,198
7,436;0,626;2,009;0,628;1,231;0,694;0,624;0,244;0,373;0,193;0,412;0,243;0,198
7,453;0,622;2,014;0,625;1,239;0,727;0,636;0,290;0,363;0,242;0,392;0,304;0,191
7,470;0,618;2,018;0,624;1,247;0,760;0,649;0,339;0,349;0,277;0,374;0,368;0,181
7,486;0,613;2,022;0,624;1,255;0,788;0,662;0,390;0,330;0,317;0,338;0,440;0,167
7,503;0,607;2,024;0,625;1,261;0,814;0,676;0,444;0,306;0,378;0,305;0,511;0,151
7,520;0,603;2,025;0,626;1,266;0,836;0,687;0,503;0,278;0,433;0,275;0,588;0,134
7,536;0,597;2,024;0,627;1,270;0,853;0,697;0,564;0,248;0,494;0,242;0,667;0,118
7,553;0,596;2,021;0,631;1,272;0,869;0,703;0,629;0,220;0,575;0,200;0,753;0,105
7,570;0,594;2,018;0,634;1,271;0,879;0,705;0,700;0,193;0,648;0,164;0,836;9,618E-2
7,586;0,593;2,015;0,636;1,268;0,888;0,704;0,775;0,169;0,720;0,140;0,919;9,459E-2
7,603;0,591;2,009;0,638;1,263;0,892;0,700;0,849;0,151;0,796;0,108;1,005;9,911E-2
7,620;0,590;2,003;0,641;1,255;0,894;0,692;0,919;0,142;0,886;8,152E-2;1,081;0,111
7,636;0,589;1,996;0,644;1,246;0,893;0,683;0,982;0,142;0,955;7,465E-2;1,150;0,131
7,653;0,589;1,989;0,648;1,236;0,893;0,674;1,034;0,148;1,002;7,618E-2;1,201;0,151
7,670;0,589;1,982;0,653;1,227;0,893;0,667;1,072;0,154;1,042;7,693E-2;1,237;0,166
7,686;0,587;1,976;0,658;1,220;0,895;0,663;1,095;0,158;1,072;7,290E-2;1,258;0,173
7,703;0,587;1,970;0,662;1,214;0,896;0,661;1,103;0,155;1,075;7,330E-2;1,264;0,171
7,720;0,586;1,966;0,664;1,211;0,900;0,658;1,095;0,147;1,065;6,853E-2;1,256;0,158
7,736;0,587;1,963;0,668;1,208;0,906;0,654;1,076;0,134;1,040;6,577E-2;1,236;0,139
7,753;0,588;1,961;0,674;1,206;0,907;0,650;1,049;0,124;1,000;6,503E-2;1,213;0,115
7,770;0,590;1,960;0,681;1,207;0,908;0,648;1,032;0,125;0,975;5,869E-2;1,189;9,975E-2
7,786;0,590;1,962;0,687;1,215;0,909;0,656;1,001;0,124;0,942;6,591E-2;1,158;8,514E-2
7,803;0,591;1,967;0,689;1,230;0,909;0,663;0,968;0,122;0,904;8,349E-2;1,125;7,374E-2
7,820;0,593;1,974;0,688;1,243;0,903;0,664;0,936;0,120;0,886;8,152E-2;1,091;6,444E-2
7,836;0,596;1,981;0,687;1,251;0,890;0,663;0,901;0,118;0,839;7,640E-2;1,056;5,852E-2
7,853;0,599;1,987;0,685;1,257;0,872;0,661;0,865;0,117;0,796;7,527E-2;1,019;5,855E-2
7,870;0,602;1,994;0,682;1,261;0,850;0,660;0,829;0,117;0,770;7,968E-2;0,983;5,913E-2
7,886;0,604;2,000;0,678;1,265;0,826;0,660;0,792;0,118;0,729;8,611E-2;0,945;5,853E-2
7,903;0,606;2,008;0,674;1,271;0,802;0,659;0,756;0,119;0,690;7,461E-2;0,909;5,903E-2
7,920;0,609;2,015;0,671;1,275;0,775;0,658;0,657;7,564E-2;0,872;6,119E-2;0,872;5,968E-2
7,936;0,610;2,021;0,666;1,277;0,748;0,656;0,685;0,119;0,627;8,944E-2;0,835;5,952E-2
7,953;0,610;2,026;0,662;1,277;0,722;0,656;0,651;0,120;0,577;8,393E-2;0,798;5,902E-2
7,970;0,609;2,031;0,656;1,277;0,693;0,655;0,612;0,121;0,559;8,555E-2;0,762;6,058E-2
7,986;0,608;2,034;0,649;1,276;0,667;0,654;0,579;0,122;0,514;9,517E-2;0,725;6,040E-2
8,003;0,607;2,034;0,642;1,274;0,639;0,653;0,544;0,123;0,475;8,725E-2;0,688;6,034E-2
8,020;0,606;2,033;0,632;1,270;0,612;0,650;0,507;0,124;0,431;9,329E-2;0,650;6,063E-2
8,036;0,606;2,030;0,623;1,266;0,585;0,650;0,472;0,126;0,405;9,412E-2;0,617;5,456E-2
8,053;0,605;2,026;0,613;1,261;0,560;0,648;0,436;0,128;0,369;9,377E-2;0,578;6,119E-2
8,070;0,605;2,022;0,604;1,256;0,533;0,647;0,402;0,130;0,343;9,460E-2;0,541;6,211E-2
8,087;0,606;2,015;0,594;1,250;0,507;0,646;0,367;0,134;0,306;0,101;0,504;6,265E-2
8,103;0,606;2,009;0,585;1,245;0,480;0,646;0,332;0,138;0,267;0,101;0,466;6,333E-2
8,120;0,607;2,002;0,577;1,239;0,454;0,648;0,296;0,142;0,240;0,109;0,429;6,396E-2
8,137;0,608;1,994;0,571;1,234;0,430;0,649;0,261;0,148;0,212;0,131;0,392;6,503E-2
8,153;0,610;1,988;0,565;1,230;0,411;0,650;0,228;0,155;0,176;0,134;0,356;6,453E-2
8,170;0,611;1,982;0,560;1,227;0,394;0,650;0,195;0,161;0,132;0,137;0,320;6,449E-2
8,187;0,611;1,976;0,555;1,223;0,382;0,650;0,163;0,169;0,101;0,151;0,284;6,434E-2
8,203;0,611;1,972;0,553;1,221;0,374;0,650;0,132;0,180;6,990E-2;0,173;0,245;6,512E-2
8,220;0,613;1,970;0,554;1,219;0,372;0,649;0,105;0,192;3,565E-2;0,188;0,210;6,602E-2
8,237;0,615;1,969;0,559;1,216;0,374;0,647;8,080E-2;0,206;2,612E-2;0,209;0,177;6,903E-2
8,253;0,616;1,969;0,565;1,214;0,384;0,645;6,104E-2;0,222;9,416E-3;0,229;0,142;7,305E-2
8,270;0,615;1,970;0,572;1,213;0,398;0,640;4,853E-2;0,237;-5,108E-4;0,253;0,109;7,554E-2
8,287;0,613;1,973;0,582;1,212;0,419;0,634;4,324E-2;0,255;-4,053E-3;0,285;8,201E-2;8,433E-2
8,303;0,613;1,978;0,592;1,211;0,447;0,625;4,618E-2;0,273;7,143E-3;0,315;5,738E-2;9,818E-2
8,320;0,614;1,982;0,598;1,210;0,479;0,615;5,470E-2;0,297;1,834E-2;0,346;4,820E-2;0,123
8,337;0,615;1,988;0,604;1,210;0,515;0,605;7,079E-2;0,325;4,825E-2;0,371;4,899E-2;0,152
8,353;0,615;1,993;0,606;1,210;0,554;0,599;9,499E-2;0,350;6,264E-2;0,405;6,633E-2;0,178
8,370;0,614;1,997;0,608;1,212;0,594;0,600;0,127;0,366;9,452E-2;0,412;9,741E-2;0,195
8,387;0,611;2,002;0,609;1,217;0,631;0,606;0,164;0,374;0,131;0,412;0,140;0,202
8,403;0,609;2,008;0,608;1,224;0,669;0,615;0,204;0,374;0,170;0,420;0,194;0,201
8,420;0,605;2,014;0,607;1,232;0,703;0,627;0,249;0,366;0,198;0,398;0,253;0,194
8,437;0,600;2,019;0,605;1,241;0,735;0,640;0,295;0,351;0,245;0,392;0,317;0,181
8,453;0,596;2,025;0,604;1,250;0,764;0,654;0,344;0,330;0,287;0,346;0,390;0,164
8,470;0,592;2,030;0,604;1,258;0,789;0,669;0,399;0,305;0,335;0,337;0,466;0,147
8,487;0,589;2,033;0,605;1,265;0,810;0,681;0,457;0,275;0,389;0,274;0,542;0,129
8,503;0,586;2,034;0,608;1,271;0,826;0,691;0,521;0,245;0,467;0,224;0,622;0,112
8,520;0,583;2,034;0,609;1,276;0,838;0,699;0,590;0,214;0,521;0,198;0,704;9,769E-2
8,537;0,580;2,031;0,612;1,278;0,847;0,702;0,661;0,185;0,598;0,159;0,792;8,896E-2
8,553;0,579;2,027;0,615;1,277;0,853;0,702;0,735;0,161;0,682;0,117;0,875;8,467E-2
8,570;0,579;2,022;0,618;1,272;0,856;0,698;0,808;0,143;0,757;9,643E-2;0,961;8,855E-2
8,587;0,579;2,014;0,621;1,266;0,857;0,690;0,876;0,133;0,847;7,360E-2;1,040;0,100
8,603;0,578;2,008;0,625;1,256;0,856;0,681;0,945;0,132;0,916;6,674E-2;1,107;0,118
8,620;0,578;2,000;0,629;1,243;0,856;0,670;1,002;0,138;0,967;6,507E-2;1,164;0,140
8,637;0,578;1,991;0,634;1,231;0,858;0,661;1,045;0,146;1,021;7,098E-2;1,207;0,158
8,653;0,579;1,983;0,639;1,221;0,862;0,658;1,073;0,151;1,051;6,695E-2;1,235;0,167
8,670;0,577;1,975;0,642;1,215;0,866;0,655;1,085;0,148;1,065;6,853E-2;1,246;0,166
8,687;0,577;1,969;0,644;1,210;0,873;0,651;1,082;0,140;1,054;7,093E-2;1,242;0,153
8,703;0,576;1,964;0,648;1,208;0,881;0,648;1,064;0,127;1,034;5,423E-2;1,225;0,132
8,720;0,577;1,960;0,653;1,205;0,887;0,644;1,039;0,116;1,008;5,506E-2;1,203;0,109
8,737;0,579;1,957;0,660;1,205;0,888;0,642;1,024;0,118;0,967;7,225E-2;1,182;9,146E-2
8,753;0,581;1,958;0,666;1,212;0,892;0,650;0,994;0,117;0,927;7,150E-2;1,151;7,692E-2
8,770;0,582;1,964;0,668;1,228;0,895;0,658;0,961;0,116;0,912;7,352E-2;1,117;6,586E-2
8,787;0,585;1,971;0,670;1,241;0,891;0,661;0,928;0,114;0,873;6,919E-2;1,083;5,754E-2
8,803;0,587;1,978;0,670;1,251;0,881;0,661;0,892;0,113;0,836;7,242E-2;1,047;5,340E-2
8,820;0,590;1,984;0,668;1,259;0,864;0,660;0,857;0,113;0,803;7,605E-2;1,010;5,240E-2
8,837;0,593;1,991;0,666;1,263;0,843;0,659;0,821;0,114;0,761;6,416E-2;0,974;5,212E-2
8,853;0,596;1,998;0,663;1,267;0,821;0,657;0,785;0,114;0,731;6,818E-2;0,937;5,276E-2
8,870;0,599;2,004;0,660;1,271;0,795;0,656;0,749;0,116;0,688;6,346E-2;0,901;5,379E-2
8,887;0,602;2,011;0,659;1,275;0,769;0,654;0,714;0,117;0,658;7,466E-2;0,864;5,270E-2
8,904;0,607;2,017;0,655;1,276;0,743;0,653;0,678;0,117;0,621;7,789E-2;0,827;5,221E-2
8,920;0,610;2,022;0,650;1,277;0,715;0,652;0,643;0,117;0,582;7,356E-2;0,791;5,151E-2
8,937;0,612;2,026;0,645;1,277;0,686;0,652;0,608;0,119;0,534;7,562E-2;0,754;5,178E-2
8,954;0,614;2,028;0,639;1,276;0,657;0,651;0,572;0,120;0,512;7,684E-2;0,716;5,265E-2
8,970;0,616;2,029;0,633;1,273;0,630;0,649;0,474;8,100E-2;0,680;5,425E-2;0,680;5,256E-2
8,987;0,616;2,028;0,624;1,270;0,602;0,648;0,501;0,123;0,437;7,217E-2;0,644;5,399E-2
9,004;0,616;2,026;0,617;1,266;0,577;0,647;0,466;0,125;0,405;9,771E-2;0,612;4,747E-2
9,020;0,616;2,022;0,608;1,262;0,552;0,646;0,430;0,130;0,365;9,696E-2;0,569;5,426E-2
9,037;0,617;2,018;0,600;1,258;0,529;0,646;0,395;0,131;0,336;9,381E-2;0,532;5,529E-2
9,054;0,620;2,013;0,592;1,253;0,506;0,646;0,360;0,135;0,296;0,100;0,495;5,573E-2
9,070;0,620;2,007;0,584;1,249;0,483;0,648;0,326;0,141;0,266;0,104;0,457;5,632E-2
9,087;0,621;2,001;0,577;1,245;0,460;0,650;0,292;0,148;0,242;0,123;0,420;5,707E-2
9,104;0,622;1,994;0,573;1,242;0,439;0,652;0,257;0,156;0,194;0,133;0,382;5,910E-2
9,120;0,623;1,987;0,570;1,238;0,423;0,654;0,225;0,164;0,150;0,142;0,345;5,985E-2
9,137;0,623;1,981;0,569;1,235;0,411;0,654;0,194;0,173;0,134;0,155;0,307;6,055E-2
9,154;0,624;1,976;0,569;1,231;0,404;0,654;0,164;0,183;0,107;0,163;0,270;6,313E-2
9,170;0,624;1,972;0,572;1,228;0,402;0,653;0,136;0,195;7,628E-2;0,181;0,235;6,616E-2
9,187;0,625;1,969;0,577;1,225;0,403;0,651;0,113;0,209;4,724E-2;0,215;0,202;7,045E-2
9,204;0,626;1,965;0,584;1,222;0,412;0,647;9,358E-2;0,224;1,939E-2;0,237;0,167;7,409E-2
9,220;0,625;1,963;0,595;1,217;0,426;0,643;8,222E-2;0,240;2,022E-2;0,262;0,139;8,012E-2
9,237;0,625;1,962;0,605;1,214;0,447;0,635;7,857E-2;0,256;2,302E-2;0,270;0,109;8,402E-2
9,254;0,624;1,965;0,614;1,212;0,471;0,628;7,922E-2;0,274;2,665E-2;0,303;8,531E-2;9,516E-2
9,270;0,624;1,969;0,621;1,210;0,501;0,619;8,782E-2;0,293;4,143E-2;0,334;7,146E-2;0,115
9,287;0,625;1,972;0,628;1,208;0,535;0,612;0,104;0,318;6,977E-2;0,373;7,348E-2;0,140
9,304;0,624;1,976;0,632;1,209;0,570;0,606;0,126;0,341;9,448E-2;0,379;9,435E-2;0,162
9,320;0,620;1,982;0,633;1,213;0,606;0,606;0,158;0,354;0,122;0,393;0,129;0,176
9,337;0,616;1,986;0,632;1,218;0,642;0,610;0,193;0,358;0,140;0,395;0,173;0,180
9,354;0,612;1,993;0,630;1,225;0,678;0,618;0,233;0,355;0,187;0,393;0,226;0,178
9,370;0,607;1,999;0,629;1,234;0,713;0,628;0,277;0,346;0,214;0,382;0,285;0,171
9,387;0,603;2,005;0,628;1,243;0,745;0,639;0,323;0,331;0,271;0,359;0,355;0,160
9,404;0,598;2,009;0,627;1,252;0,772;0,652;0,372;0,311;0,318;0,324;0,426;0,149
9,420;0,591;2,014;0,627;1,259;0,795;0,666;0,426;0,288;0,374;0,279;0,495;0,137
9,437;0,585;2,016;0,628;1,266;0,817;0,678;0,484;0,263;0,419;0,263;0,570;0,123
9,454;0,580;2,017;0,631;1,270;0,832;0,687;0,543;0,236;0,482;0,222;0,650;0,110
9,470;0,577;2,017;0,631;1,274;0,845;0,694;0,607;0,211;0,558;0,191;0,730;9,871E-2
9,487;0,573;2,015;0,632;1,275;0,854;0,698;0,678;0,188;0,619;0,161;0,812;9,390E-2
9,504;0,571;2,011;0,633;1,274;0,860;0,699;0,747;0,169;0,703;0,123;0,892;9,432E-2
9,520;0,570;2,006;0,634;1,270;0,866;0,698;0,822;0,155;0,779;9,521E-2;0,973;0,101
9,537;0,567;2,001;0,635;1,265;0,867;0,693;0,890;0,148;0,859;8,952E-2;1,053;0,117
9,554;0,565;1,994;0,636;1,257;0,867;0,687;0,956;0,149;0,929;8,624E-2;1,115;0,135
9,570;0,563;1,988;0,638;1,246;0,868;0,679;1,014;0,158;0,990;8,935E-2;1,172;0,158
9,587;0,563;1,980;0,640;1,235;0,871;0,672;1,056;0,167;1,033;9,048E-2;1,217;0,179
9,604;0,563;1,974;0,643;1,226;0,872;0,668;1,084;0,173;1,083;9,958E-2;1,246;0,190
9,620;0,562;1,968;0,646;1,219;0,875;0,665;1,097;0,173;1,083;9,958E-2;1,256;0,191
9,637;0,564;1,963;0,647;1,214;0,880;0,663;1,094;0,167;1,073;9,840E-2;1,253;0,181
9,654;0,564;1,960;0,649;1,211;0,885;0,662;1,076;0,155;1,059;8,965E-2;1,232;0,161
9,670;0,565;1,957;0,651;1,209;0,889;0,660;1,046;0,140;1,020;7,815E-2;1,201;0,137
9,687;0,567;1,956;0,657;1,208;0,888;0,654;1,012;0,130;0,982;6,665E-2;1,174;0,117
9,704;0,571;1,956;0,667;1,208;0,883;0,649;1,002;0,132;0,943;8,423E-2;1,156;0,106
9,720;0,573;1,958;0,674;1,216;0,880;0,656;0,971;0,130;0,933;8,305E-2;1,127;9,199E-2
9,737;0,574;1,964;0,674;1,231;0,878;0,662;0,937;0,130;0,890;7,833E-2;1,091;8,431E-2
9,754;0,575;1,971;0,673;1,243;0,870;0,665;0,905;0,127;0,843;7,680E-2;1,056;7,544E-2
9,771;0,577;1,978;0,670;1,253;0,857;0,665;0,869;0,126;0,810;7,684E-2;1,021;6,948E-2
9,787;0,580;1,984;0,665;1,258;0,839;0,663;0,834;0,125;0,773;8,366E-2;0,986;6,699E-2
9,804;0,581;1,990;0,659;1,261;0,815;0,662;0,798;0,126;0,751;8,847E-2;0,950;6,845E-2
9,821;0,581;1,995;0,653;1,265;0,792;0,661;0,760;0,127;0,711;8,773E-2;0,914;6,832E-2
9,837;0,584;2,001;0,648;1,269;0,765;0,659;0,725;0,128;0,668;8,301E-2;0,876;6,781E-2
9,854;0,587;2,007;0,644;1,273;0,739;0,658;0,690;0,128;0,631;8,625E-2;0,840;6,869E-2
9,871;0,589;2,011;0,640;1,274;0,711;0,657;0,655;0,127;0,605;9,066E-2;0,805;6,813E-2
9,887;0,590;2,016;0,634;1,275;0,682;0,656;0,619;0,127;0,563;8,235E-2;0,769;6,794E-2
9,904;0,591;2,019;0,627;1,274;0,653;0,655;0,582;0,127;0,525;9,276E-2;0,733;6,765E-2
9,921;0,590;2,021;0,618;1,272;0,624;0,655;0,547;0,128;0,494;7,846E-2;0,696;6,728E-2
9,937;0,589;2,022;0,608;1,269;0,596;0,653;0,512;0,129;0,454;8,131E-2;0,659;6,819E-2
9,954;0,588;2,020;0,598;1,265;0,570;0,650;0,477;0,130;0,412;9,491E-2;0,622;6,824E-2
9,971;0,589;2,016;0,587;1,258;0,545;0,647;0,442;0,131;0,390;9,972E-2;0,591;6,134E-2
9,987;0,590;2,011;0,575;1,253;0,522;0,645;0,408;0,132;0,361;0,104;0,549;6,771E-2
10,004;0,591;2,007;0,566;1,247;0,498;0,643;0,374;0,134;0,321;0,103;0,513;6,872E-2
10,021;0,593;2,001;0,557;1,241;0,475;0,642;0,339;0,136;0,285;0,103;0,478;6,951E-2
10,037;0,594;1,994;0,549;1,235;0,451;0,642;0,305;0,140;0,248;0,106;0,441;6,991E-2
10,054;0,594;1,987;0,542;1,229;0,426;0,643;0,269;0,145;0,218;0,117;0,402;7,014E-2
10,071;0,595;1,980;0,537;1,224;0,405;0,644;0,235;0,151;0,173;0,127;0,366;6,963E-2
10,087;0,596;1,973;0,533;1,220;0,387;0,645;0,202;0,158;0,140;0,127;0,329;7,077E-2
10,104;0,597;1,968;0,529;1,217;0,374;0,646;0,169;0,166;0,109;0,145;0,292;7,045E-2
10,121;0,597;1,963;0,528;1,215;0,365;0,646;0,138;0,175;7,545E-2;0,156;0,256;7,050E-2
10,137;0,598;1,959;0,529;1,213;0,360;0,646;0,109;0,187;4,838E-2;0,171;0,219;7,121E-2
10,154;0,601;1,956;0,533;1,210;0,360;0,645;8,291E-2;0,201;2,411E-2;0,194;0,181;7,236E-2
10,171;0,603;1,955;0,540;1,208;0,365;0,644;5,993E-2;0,216;3,818E-3;0,213;0,150;7,659E-2
10,187;0,606;1,956;0,549;1,207;0,378;0,641;4,577E-2;0,232;-9,301E-3;0,234;0,118;7,906E-2
10,204;0,607;1,959;0,558;1,207;0,398;0,636;3,667E-2;0,250;-1,722E-2;0,273;8,845E-2;8,776E-2
10,221;0,610;1,965;0,567;1,208;0,424;0,629;3,737E-2;0,270;-9,606E-3;0,303;6,190E-2;9,820E-2
10,237;0,612;1,972;0,576;1,209;0,454;0,621;4,649E-2;0,289;5,569E-3;0,330;4,821E-2;0,117
10,254;0,614;1,979;0,582;1,211;0,489;0,614;6,057E-2;0,314;3,268E-2;0,347;4,687E-2;0,144
10,271;0,615;1,985;0,586;1,212;0,527;0,609;8,390E-2;0,342;5,783E-2;0,383;6,412E-2;0,169
10,287;0,613;1,991;0,589;1,216;0,565;0,609;0,115;0,359;8,494E-2;0,400;9,497E-2;0,189
10,304;0,608;1,998;0,590;1,222;0,600;0,615;0,150;0,367;0,128;0,405;0,134;0,197
10,321;0,605;2,004;0,590;1,230;0,638;0,624;0,191;0,366;0,157;0,408;0,186;0,196
10,337;0,602;2,011;0,589;1,239;0,672;0,634;0,235;0,358;0,187;0,397;0,245;0,189
10,354;0,599;2,017;0,590;1,247;0,703;0,646;0,283;0,343;0,226;0,372;0,313;0,178
10,371;0,596;2,021;0,590;1,255;0,732;0,658;0,331;0,322;0,275;0,356;0,384;0,164
10,387;0,593;2,024;0,591;1,261;0,758;0,670;0,385;0,297;0,327;0,307;0,455;0,148
10,404;0,589;2,025;0,592;1,266;0,778;0,681;0,445;0,269;0,394;0,267;0,530;0,131
10,421;0,587;2,025;0,595;1,271;0,797;0,688;0,508;0,239;0,456;0,230;0,606;0,114
10,437;0,583;2,023;0,599;1,273;0,812;0,694;0,573;0,210;0,515;0,190;0,684;9,875E-2
10,454;0,581;2,018;0,603;1,273;0,825;0,696;0,643;0,183;0,594;0,162;0,766;8,849E-2
10,471;0,581;2,014;0,608;1,271;0,834;0,695;0,716;0,160;0,663;0,130;0,854;8,366E-2
10,487;0,580;2,008;0,612;1,265;0,840;0,691;0,791;0,141;0,757;9,643E-2;0,939;8,639E-2
10,504;0,581;2,001;0,618;1,258;0,844;0,684;0,862;0,132;0,831;8,279E-2;1,023;9,794E-2
10,521;0,581;1,994;0,623;1,247;0,846;0,676;0,930;0,131;0,906;6,197E-2;1,094;0,115
10,537;0,581;1,987;0,629;1,237;0,850;0,667;0,986;0,136;0,962;7,903E-2;1,151;0,137
10,554;0,581;1,978;0,635;1,227;0,853;0,661;1,029;0,144;1,007;6,582E-2;1,192;0,155
10,571;0,581;1,972;0,640;1,220;0,858;0,658;1,056;0,148;1,035;7,614E-2;1,216;0,162
10,587;0,582;1,966;0,647;1,216;0,864;0,655;1,067;0,145;1,057;7,133E-2;1,226;0,159
10,604;0,583;1,962;0,652;1,213;0,872;0,653;1,059;0,136;1,047;7,015E-2;1,218;0,145
10,621;0,584;1,959;0,657;1,210;0,879;0,650;1,037;0,122;1,018;6,341E-2;1,196;0,124
10,638;0,585;1,957;0,664;1,208;0,884;0,648;1,015;0,121;0,978;6,267E-2;1,174;0,102
10,654;0,587;1,958;0,672;1,212;0,888;0,653;0,992;0,121;0,946;5,913E-2;1,148;8,734E-2
10,671;0,589;1,962;0,678;1,225;0,895;0,662;0,959;0,119;0,906;6,197E-2;1,118;7,503E-2
10,688;0,591;1,968;0,680;1,239;0,894;0,666;0,928;0,119;0,872;7,277E-2;1,084;6,446E-2
10,704;0,594;1,975;0,682;1,249;0,885;0,666;0,893;0,117;0,832;7,203E-2;1,048;5,785E-2
10,721;0,596;1,981;0,682;1,257;0,870;0,662;0,858;0,116;0,788;7,448E-2;1,012;5,702E-2
10,738;0,600;1,987;0,682;1,261;0,850;0,662;0,822;0,116;0,759;7,492E-2;0,976;5,743E-2
10,754;0,602;1,993;0,680;1,266;0,828;0,661;0,784;0,117;0,730;7,535E-2;0,938;5,738E-2
10,771;0,605;2,000;0,678;1,271;0,802;0,659;0,748;0,118;0,687;7,422E-2;0,902;5,811E-2
10,788;0,608;2,007;0,676;1,274;0,776;0,658;0,711;0,118;0,647;6,989E-2;0,865;5,799E-2
10,804;0,611;2,014;0,675;1,277;0,747;0,657;0,676;0,119;0,614;7,711E-2;0,828;5,809E-2
10,821;0,615;2,019;0,672;1,277;0,718;0,656;0,640;0,120;0,581;7,715E-2;0,792;5,761E-2
10,838;0,618;2,023;0,670;1,276;0,689;0,655;0,604;0,120;0,556;7,439E-2;0,754;5,717E-2
10,854;0,621;2,024;0,666;1,275;0,659;0,655;0,567;0,122;0,519;8,480E-2;0,718;5,755E-2
10,871;0,622;2,025;0,660;1,271;0,630;0,653;0,534;0,124;0,472;7,969E-2;0,681;5,782E-2
10,888;0,623;2,023;0,654;1,266;0,603;0,651;0,497;0,124;0,439;8,690E-2;0,644;5,800E-2
10,904;0,627;2,019;0,647;1,260;0,579;0,648;0,464;0,125;0,410;8,376E-2;0,607;5,708E-2
10,921;0,629;2,014;0,637;1,253;0,555;0,645;0,429;0,127;0,381;8,419E-2;0,575;5,959E-2
10,938;0,632;2,008;0,628;1,247;0,531;0,644;0,394;0,130;0,333;9,342E-2;0,534;5,755E-2
10,954;0,636;2,002;0,619;1,241;0,507;0,644;0,359;0,134;0,299;0,101;0,497;5,793E-2
10,971;0,640;1,995;0,610;1,235;0,484;0,644;0,325;0,139;0,262;0,111;0,460;5,843E-2
10,988;0,644;1,989;0,604;1,230;0,462;0,646;0,291;0,145;0,232;0,115;0,422;5,937E-2
11,004;0,647;1,983;0,599;1,226;0,443;0,648;0,257;0,153;0,201;0,133;0,385;6,015E-2
11,021;0,650;1,977;0,596;1,222;0,428;0,649;0,224;0,162;0,157;0,143;0,347;6,104E-2
11,038;0,652;1,972;0,594;1,219;0,418;0,650;0,194;0,172;0,134;0,155;0,311;6,216E-2
11,054;0,654;1,967;0,597;1,216;0,414;0,649;0,166;0,184;0,101;0,184;0,276;6,471E-2
11,071;0,656;1,965;0,601;1,214;0,415;0,648;0,141;0,198;7,908E-2;0,189;0,240;6,871E-2
11,088;0,658;1,963;0,608;1,211;0,420;0,647;0,118;0,212;5,879E-2;0,209;0,207;7,227E-2
11,104;0,659;1,963;0,617;1,208;0,432;0,643;0,102;0,230;4,169E-2;0,232;0,175;7,770E-2
11,121;0,661;1,962;0,629;1,205;0,450;0,639;9,270E-2;0,247;3,854E-2;0,261;0,146;8,236E-2
11,138;0,662;1,963;0,642;1,205;0,474;0,632;9,196E-2;0,263;4,576E-2;0,294;0,118;8,743E-2
11,154;0,662;1,967;0,652;1,204;0,501;0,624;9,442E-2;0,279;5,494E-2;0,310;9,628E-2;0,100
11,171;0,665;1,971;0,661;1,203;0,534;0,615;0,105;0,300;6,653E-2;0,336;8,803E-2;0,123
11,188;0,667;1,977;0,666;1,204;0,568;0,607;0,123;0,325;8,092E-2;0,371;9,439E-2;0,148
11,204;0,668;1,982;0,668;1,206;0,605;0,604;0,150;0,346;0,113;0,374;0,121;0,171
11,221;0,666;1,989;0,669;1,211;0,643;0,607;0,183;0,360;0,144;0,396;0,158;0,186
11,238;0,664;1,995;0,667;1,217;0,681;0,612;0,220;0,368;0,175;0,410;0,204;0,195
11,254;0,660;2,002;0,664;1,225;0,719;0,621;0,261;0,368;0,208;0,403;0,255;0,196
11,271;0,655;2,009;0,662;1,235;0,753;0,632;0,305;0,363;0,264;0,391;0,313;0,193
11,288;0,651;2,015;0,661;1,244;0,785;0,645;0,353;0,352;0,297;0,387;0,380;0,186
11,304;0,646;2,021;0,660;1,253;0,814;0,658;0,403;0,335;0,344;0,352;0,449;0,175
11,321;0,641;2,025;0,660;1,260;0,840;0,671;0,455;0,314;0,392;0,318;0,518;0,160
11,338;0,635;2,027;0,660;1,266;0,861;0,682;0,510;0,290;0,445;0,294;0,588;0,144
11,354;0,630;2,027;0,663;1,271;0,880;0,692;0,570;0,263;0,507;0,258;0,659;0,128
11,371;0,627;2,026;0,665;1,272;0,897;0,701;0,633;0,234;0,578;0,237;0,742;0,113
11,388;0,626;2,022;0,668;1,272;0,910;0,706;0,702;0,207;0,650;0,183;0,819;0,102
11,404;0,624;2,019;0,670;1,270;0,918;0,707;0,772;0,181;0,704;0,149;0,902;9,470E-2
11,421;0,624;2,013;0,673;1,265;0,925;0,704;0,845;0,161;0,783;0,128;0,984;9,439E-2
11,438;0,623;2,007;0,677;1,259;0,927;0,699;0,918;0,146;0,870;9,429E-2;1,065;0,100
11,455;0,624;2,000;0,680;1,252;0,928;0,691;0,987;0,140;0,939;9,101E-2;1,141;0,115
11,471;0,624;1,993;0,684;1,243;0,929;0,682;1,048;0,143;1,010;6,980E-2;1,205;0,135
11,488;0,625;1,986;0,690;1,234;0,929;0,674;1,096;0,150;1,056;8,567E-2;1,256;0,156
11,505;0,624;1,979;0,696;1,225;0,930;0,668;1,128;0,155;1,103;8,362E-2;1,288;0,168
11,521;0,625;1,973;0,702;1,220;0,933;0,663;1,142;0,155;1,110;8,440E-2;1,303;0,171
11,538;0,625;1,968;0,708;1,217;0,938;0,661;1,142;0,149;1,125;8,598E-2;1,301;0,162
11,555;0,625;1,964;0,714;1,215;0,945;0,658;1,125;0,136;1,108;6,966E-2;1,283;0,143
11,571;0,627;1,961;0,719;1,213;0,951;0,655;1,100;0,123;1,069;6,175E-2;1,256;0,120
11,588;0,628;1,959;0,727;1,211;0,955;0,652;1,081;0,124;1,041;5,860E-2;1,238;0,102
11,605;0,631;1,958;0,735;1,215;0,961;0,654;1,062;0,123;1,017;7,417E-2;1,215;8,639E-2
11,621;0,633;1,961;0,740;1,227;0,967;0,663;1,029;0,121;0,973;8,379E-2;1,182;7,381E-2
11,638;0,633;1,967;0,742;1,240;0,967;0,667;0,999;0,121;0,926;7,509E-2;1,146;6,394E-2
11,655;0,635;1,972;0,743;1,250;0,960;0,666;0,963;0,120;0,893;8,231E-2;1,111;6,034E-2
11,671;0,637;1,978;0,743;1,256;0,945;0,664;0,927;0,121;0,857;7,837E-2;1,075;5,889E-2
11,688;0,640;1,985;0,742;1,259;0,926;0,663;0,891;0,120;0,831;7,920E-2;1,040;5,880E-2
11,705;0,643;1,992;0,739;1,263;0,904;0,662;0,855;0,121;0,791;8,563E-2;1,003;5,860E-2
11,721;0,647;1,999;0,737;1,269;0,880;0,660;0,820;0,123;0,755;8,528E-2;0,966;5,990E-2
11,738;0,650;2,006;0,733;1,274;0,853;0,658;0,784;0,123;0,718;8,493E-2;0,929;6,012E-2
11,755;0,654;2,013;0,730;1,275;0,827;0,657;0,748;0,125;0,682;8,458E-2;0,893;5,943E-2
11,771;0,659;2,019;0,728;1,276;0,800;0,655;0,713;0,124;0,635;8,305E-2;0,857;5,883E-2
11,788;0,662;2,024;0,724;1,276;0,771;0,654;0,680;0,125;0,603;7,951E-2;0,822;5,858E-2
11,805;0,666;2,027;0,719;1,274;0,743;0,652;0,644;0,126;0,584;8,472E-2;0,785;6,036E-2
11,821;0,667;2,029;0,712;1,272;0,713;0,651;0,608;0,127;0,540;8,716E-2;0,747;6,005E-2
11,838;0,669;2,028;0,705;1,269;0,685;0,649;0,571;0,128;0,507;9,079E-2;0,711;6,137E-2
11,855;0,672;2,027;0,696;1,265;0,656;0,648;0,535;0,129;0,466;0,104;0,674;6,108E-2
11,871;0,675;2,024;0,686;1,260;0,631;0,646;0,501;0,131;0,427;9,648E-2;0,630;5,596E-2
11,888;0,678;2,020;0,677;1,255;0,605;0,646;0,464;0,134;0,394;9,653E-2;0,599;6,064E-2
11,905;0,681;2,015;0,667;1,251;0,581;0,645;0,430;0,138;0,368;0,101;0,563;6,156E-2
11,921;0,683;2,010;0,657;1,247;0,555;0,646;0,395;0,142;0,342;0,113;0,526;6,240E-2
11,938;0,684;2,005;0,649;1,243;0,530;0,647;0,360;0,149;0,290;0,118;0,489;6,331E-2
11,955;0,687;1,998;0,643;1,239;0,508;0,651;0,324;0,156;0,257;0,125;0,451;6,389E-2
11,971;0,689;1,991;0,638;1,236;0,489;0,652;0,292;0,165;0,223;0,136;0,415;6,506E-2
11,988;0,692;1,985;0,636;1,232;0,475;0,653;0,261;0,173;0,187;0,165;0,377;6,532E-2
12,005;0,692;1,979;0,634;1,229;0,466;0,653;0,231;0,183;0,173;0,159;0,332;6,204E-2
12,021;0,694;1,975;0,635;1,226;0,461;0,652;0,203;0,194;0,137;0,188;0,307;6,919E-2
12,038;0,696;1,972;0,637;1,223;0,461;0,651;0,177;0,207;0,109;0,210;0,273;7,222E-2
12,055;0,696;1,969;0,642;1,220;0,466;0,648;0,156;0,221;9,308E-2;0,227;0,237;7,586E-2
12,071;0,696;1,967;0,649;1,217;0,477;0,644;0,141;0,236;7,278E-2;0,246;0,206;8,024E-2
12,088;0,696;1,967;0,657;1,215;0,494;0,639;0,131;0,251;7,160E-2;0,257;0,178;8,452E-2
12,105;0,695;1,969;0,663;1,214;0,517;0,632;0,130;0,266;7,803E-2;0,298;0,148;9,173E-2
12,121;0,696;1,974;0,670;1,212;0,542;0,624;0,134;0,284;9,522E-2;0,340;0,130;0,108
12,138;0,694;1,979;0,675;1,210;0,571;0,616;0,144;0,307;0,108;0,352;0,125;0,132
12,155;0,693;1,984;0,677;1,211;0,604;0,611;0,163;0,331;0,135;0,373;0,135;0,156
12,171;0,690;1,990;0,678;1,214;0,635;0,610;0,189;0,348;0,152;0,382;0,160;0,173
12,188;0,683;1,995;0,677;1,219;0,668;0,613;0,219;0,355;0,181;0,389;0,197;0,180
12,205;0,678;2,000;0,675;1,225;0,699;0,619;0,254;0,355;0,216;0,393;0,240;0,179
12,221;0,672;2,005;0,674;1,233;0,729;0,627;0,295;0,347;0,265;0,380;0,294;0,173
12,238;0,666;2,010;0,673;1,241;0,758;0,636;0,337;0,334;0,297;0,351;0,355;0,161
12,255;0,661;2,016;0,672;1,248;0,783;0,645;0,383;0,315;0,325;0,325;0,421;0,148
12,271;0,655;2,020;0,671;1,256;0,807;0,656;0,432;0,293;0,371;0,305;0,492;0,135
12,288;0,649;2,022;0,671;1,262;0,826;0,666;0,484;0,268;0,437;0,265;0,564;0,120
12,305;0,643;2,022;0,671;1,267;0,843;0,674;0,541;0,242;0,484;0,241;0,626;0,106
12,322;0,638;2,021;0,671;1,270;0,861;0,680;0,600;0,216;0,547;0,190;0,702;9,401E-2
12,338;0,635;2,018;0,672;1,270;0,873;0,686;0,664;0,191;0,616;0,154;0,782;8,495E-2
12,355;0,633;2,013;0,673;1,269;0,883;0,688;0,727;0,169;0,681;0,128;0,862;8,036E-2
12,372;0,630;2,007;0,672;1,266;0,891;0,689;0,798;0,151;0,752;0,110;0,941;8,175E-2
12,388;0,628;2,000;0,673;1,260;0,898;0,687;0,868;0,140;0,831;8,279E-2;1,021;9,072E-2
12,405;0,625;1,993;0,673;1,253;0,903;0,683;0,937;0,135;0,914;8,467E-2;1,094;0,106
12,422;0,623;1,986;0,674;1,245;0,906;0,678;1,000;0,138;0,963;6,827E-2;1,162;0,125
12,438;0,621;1,979;0,676;1,237;0,909;0,673;1,054;0,146;1,036;6,897E-2;1,215;0,145
12,455;0,618;1,971;0,678;1,229;0,913;0,669;1,093;0,154;1,081;8,484E-2;1,256;0,163
12,472;0,616;1,964;0,681;1,224;0,918;0,666;1,118;0,159;1,106;9,118E-2;1,280;0,172
12,488;0,614;1,958;0,685;1,221;0,923;0,664;1,128;0,157;1,106;9,477E-2;1,289;0,171
12,505;0,612;1,953;0,689;1,218;0,928;0,661;1,123;0,149;1,086;7,448E-2;1,284;0,161
12,522;0,611;1,949;0,695;1,217;0,936;0,659;1,105;0,137;1,082;7,408E-2;1,267;0,144
12,538;0,611;1,947;0,702;1,215;0,942;0,656;1,079;0,125;1,075;7,330E-2;1,241;0,123
12,555;0,612;1,945;0,712;1,214;0,945;0,653;1,061;0,126;1,040;6,577E-2;1,220;0,103
12,572;0,611;1,946;0,722;1,219;0,948;0,658;1,033;0,124;0,985;6,704E-2;1,192;8,893E-2
12,588;0,610;1,949;0,725;1,233;0,951;0,667;0,999;0,124;0,952;7,426E-2;1,158;7,726E-2
12,605;0,611;1,955;0,725;1,245;0,947;0,668;0,969;0,123;0,908;7,671E-2;1,123;6,778E-2
12,622;0,612;1,962;0,725;1,253;0,936;0,667;0,934;0,121;0,850;7,400E-2;1,087;6,168E-2
12,638;0,615;1,967;0,723;1,256;0,920;0,665;0,899;0,121;0,806;7,645E-2;1,052;6,162E-2
12,655;0,619;1,973;0,720;1,260;0,898;0,664;0,863;0,121;0,806;7,645E-2;1,016;6,155E-2
12,672;0,621;1,980;0,715;1,264;0,874;0,663;0,825;0,121;0,777;8,047E-2;0,979;6,171E-2
12,688;0,623;1,987;0,710;1,270;0,847;0,662;0,790;0,122;0,726;7,855E-2;0,941;6,183E-2
12,705;0,626;1,994;0,705;1,275;0,819;0,660;0,752;0,123;0,682;8,458E-2;0,905;6,293E-2
12,722;0,629;2,000;0,702;1,277;0,792;0,659;0,718;0,124;0,646;8,423E-2;0,868;6,295E-2
12,738;0,631;2,007;0,697;1,279;0,763;0,657;0,683;0,124;0,617;8,108E-2;0,832;6,245E-2
12,755;0,633;2,012;0,691;1,278;0,734;0,656;0,648;0,125;0,595;8,231E-2;0,796;6,168E-2
12,772;0,635;2,015;0,686;1,277;0,704;0,655;0,613;0,126;0,544;8,397E-2;0,759;6,213E-2
12,788;0,638;2,017;0,679;1,275;0,676;0,653;0,577;0,127;0,520;7,763E-2;0,721;6,311E-2
12,805;0,640;2,017;0,671;1,270;0,648;0,651;0,542;0,128;0,475;9,084E-2;0,692;4,985E-2
12,822;0,641;2,015;0,662;1,265;0,621;0,650;0,506;0,129;0,445;9,128E-2;0,648;6,301E-2
12,838;0,644;2,011;0,653;1,260;0,596;0,648;0,471;0,131;0,398;9,333E-2;0,612;6,341E-2
12,855;0,646;2,006;0,643;1,254;0,571;0,645;0,437;0,133;0,369;9,736E-2;0,576;6,322E-2
12,872;0,649;2,000;0,634;1,248;0,547;0,645;0,402;0,135;0,342;0,109;0,540;6,370E-2
12,888;0,651;1,994;0,624;1,243;0,521;0,645;0,366;0,139;0,302;0,112;0,501;6,491E-2
12,905;0,654;1,988;0,617;1,239;0,496;0,647;0,332;0,146;0,265;0,119;0,465;6,568E-2
12,922;0,656;1,980;0,612;1,233;0,472;0,650;0,298;0,153;0,246;0,120;0,427;6,654E-2
12,938;0,659;1,974;0,608;1,229;0,454;0,652;0,265;0,160;0,207;0,149;0,391;6,718E-2
12,955;0,661;1,968;0,606;1,226;0,441;0,653;0,232;0,169;0,173;0,163;0,348;6,379E-2
12,972;0,661;1,963;0,605;1,222;0,432;0,653;0,203;0,180;0,148;0,157;0,318;7,054E-2
12,988;0,661;1,959;0,606;1,219;0,428;0,653;0,174;0,192;0,102;0,181;0,282;7,348E-2
13,005;0,661;1,956;0,610;1,216;0,427;0,652;0,148;0,207;7,991E-2;0,214;0,246;7,846E-2
13,022;0,662;1,953;0,616;1,213;0,432;0,650;0,126;0,223;7,515E-2;0,225;0,212;8,316E-2
13,038;0,662;1,951;0,624;1,208;0,444;0,646;0,109;0,240;4,808E-2;0,240;0,181;8,912E-2
13,055;0,662;1,952;0,633;1,205;0,463;0,641;0,101;0,258;3,977E-2;0,283;0,154;9,499E-2
13,072;0,661;1,956;0,641;1,204;0,485;0,633;0,100;0,276;4,856E-2;0,302;0,125;0,103
13,088;0,662;1,961;0,648;1,202;0,512;0,626;0,105;0,294;6,413E-2;0,325;0,104;0,118
13,105;0,663;1,967;0,654;1,202;0,543;0,619;0,118;0,313;8,210E-2;0,360;9,832E-2;0,140
13,122;0,663;1,974;0,658;1,203;0,576;0,613;0,138;0,336;9,885E-2;0,373;0,111;0,164
13,138;0,660;1,981;0,659;1,206;0,609;0,611;0,165;0,353;0,126;0,390;0,140;0,180
13,155;0,655;1,987;0,656;1,212;0,643;0,615;0,196;0,362;0,154;0,400;0,178;0,187
13,172;0,650;1,994;0,654;1,220;0,677;0,621;0,232;0,364;0,183;0,396;0,223;0,189
13,189;0,645;2,001;0,652;1,228;0,709;0,629;0,272;0,360;0,217;0,386;0,277;0,184
13,205;0,640;2,006;0,650;1,237;0,739;0,639;0,312;0,350;0,250;0,386;0,335;0,177
13,222;0,634;2,011;0,649;1,246;0,764;0,650;0,356;0,336;0,301;0,351;0,396;0,169
13,239;0,627;2,014;0,648;1,255;0,787;0,660;0,403;0,319;0,348;0,320;0,460;0,159
13,255;0,620;2,016;0,648;1,261;0,807;0,671;0,450;0,297;0,396;0,282;0,523;0,148
13,272;0,614;2,015;0,648;1,265;0,824;0,679;0,503;0,273;0,456;0,259;0,591;0,135
13,289;0,609;2,015;0,649;1,269;0,839;0,686;0,560;0,247;0,503;0,232;0,660;0,121
13,305;0,605;2,011;0,651;1,269;0,852;0,692;0,621;0,222;0,575;0,196;0,734;0,108
13,322;0,604;2,006;0,652;1,268;0,863;0,694;0,685;0,198;0,648;0,164;0,810;0,100
13,339;0,602;2,000;0,652;1,263;0,874;0,695;0,749;0,177;0,718;0,150;0,886;9,599E-2
13,355;0,601;1,994;0,653;1,258;0,883;0,693;0,818;0,161;0,776;0,120;0,965;9,836E-2
13,372;0,600;1,987;0,652;1,251;0,889;0,690;0,886;0,149;0,852;9,232E-2;1,040;0,106
13,389;0,599;1,980;0,652;1,243;0,893;0,685;0,951;0,146;0,914;8,467E-2;1,109;0,122
13,405;0,598;1,973;0,652;1,235;0,895;0,680;1,010;0,149;0,977;7,701E-2;1,172;0,143
13,422;0,597;1,965;0,653;1,227;0,899;0,675;1,057;0,156;1,031;7,933E-2;1,221;0,163
13,439;0,595;1,958;0,655;1,219;0,901;0,671;1,091;0,162;1,060;8,248E-2;1,254;0,175
13,455;0,594;1,952;0,658;1,213;0,904;0,667;1,108;0,164;1,067;7,968E-2;1,269;0,180
13,472;0,592;1,947;0,661;1,209;0,907;0,665;1,110;0,159;1,089;8,204E-2;1,270;0,175
13,489;0,591;1,944;0,665;1,207;0,912;0,663;1,099;0,151;1,070;8,725E-2;1,257;0,160
13,505;0,591;1,941;0,670;1,206;0,917;0,660;1,077;0,137;1,043;7,334E-2;1,235;0,139
13,522;0,593;1,940;0,679;1,206;0,920;0,657;1,049;0,129;1,022;6,739E-2;1,210;0,120
13,539;0,593;1,941;0,687;1,208;0,920;0,655;1,034;0,131;0,978;6,984E-2;1,190;0,104
13,555;0,593;1,942;0,694;1,219;0,921;0,663;1,004;0,130;0,947;8,104E-2;1,161;9,035E-2
13,572;0,592;1,947;0,695;1,234;0,922;0,668;0,971;0,129;0,918;8,506E-2;1,127;7,908E-2
13,589;0,593;1,955;0,695;1,244;0,916;0,670;0,939;0,127;0,872;7,636E-2;1,092;6,911E-2
13,605;0,594;1,960;0,693;1,251;0,903;0,669;0,904;0,125;0,842;8,397E-2;1,057;6,519E-2
13,622;0,596;1,967;0,690;1,255;0,885;0,666;0,869;0,124;0,806;8,003E-2;1,021;6,510E-2
13,639;0,599;1,974;0,687;1,259;0,864;0,665;0,833;0,124;0,762;8,248E-2;0,985;6,516E-2
13,655;0,601;1,981;0,684;1,264;0,840;0,664;0,797;0,125;0,733;8,651E-2;0,947;6,515E-2
13,672;0,605;1,989;0,682;1,270;0,815;0,663;0,762;0,126;0,697;7,898E-2;0,912;6,508E-2
13,689;0,610;1,995;0,680;1,274;0,789;0,661;0,726;0,126;0,671;8,699E-2;0,875;6,568E-2
13,705;0,613;2,001;0,677;1,275;0,763;0,660;0,690;0,128;0,627;8,944E-2;0,837;6,578E-2
13,722;0,614;2,007;0,674;1,276;0,735;0,658;0,654;0,128;0,591;8,550E-2;0,801;6,558E-2
13,739;0,617;2,010;0,670;1,275;0,707;0,657;0,620;0,128;0,551;9,193E-2;0,766;6,610E-2
13,755;0,619;2,012;0,665;1,273;0,679;0,656;0,585;0,130;0,518;9,198E-2;0,729;6,641E-2
13,772;0,620;2,013;0,659;1,271;0,651;0,654;0,549;0,130;0,485;9,561E-2;0,692;6,649E-2
13,789;0,620;2,012;0,651;1,266;0,624;0,651;0,513;0,131;0,448;9,884E-2;0,656;6,665E-2
13,805;0,621;2,009;0,643;1,261;0,600;0,649;0,478;0,133;0,426;0,100;0,619;6,641E-2
13,822;0,622;2,005;0,634;1,257;0,576;0,648;0,442;0,135;0,372;0,101;0,582;6,673E-2
13,839;0,622;2,001;0,625;1,251;0,552;0,646;0,407;0,138;0,340;9,421E-2;0,542;6,247E-2
13,855;0,624;1,996;0,616;1,246;0,529;0,645;0,374;0,142;0,316;0,113;0,508;6,759E-2
13,872;0,626;1,990;0,607;1,241;0,506;0,646;0,338;0,147;0,280;0,113;0,471;6,803E-2
13,889;0,627;1,984;0,599;1,237;0,482;0,648;0,303;0,153;0,231;0,129;0,433;6,814E-2
13,905;0,629;1,979;0,595;1,234;0,463;0,649;0,268;0,161;0,204;0,141;0,396;6,903E-2
13,922;0,631;1,972;0,592;1,230;0,446;0,650;0,237;0,169;0,178;0,145;0,360;6,977E-2
13,939;0,632;1,966;0,590;1,227;0,435;0,651;0,206;0,177;0,146;0,145;0,324;7,118E-2
13,955;0,633;1,961;0,589;1,223;0,428;0,650;0,178;0,188;0,113;0,182;0,288;7,262E-2
13,972;0,633;1,958;0,591;1,220;0,424;0,649;0,149;0,200;9,662E-2;0,195;0,253;7,583E-2
13,989;0,633;1,955;0,596;1,217;0,425;0,648;0,126;0,214;6,478E-2;0,220;0,217;7,962E-2
14,006;0,635;1,953;0,602;1,214;0,431;0,644;0,107;0,229;4,847E-2;0,236;0,185;8,417E-2
14,022;0,636;1,951;0,611;1,209;0,442;0,640;9,388E-2;0,244;2,778E-2;0,260;0,155;8,935E-2
14,039;0,636;1,951;0,619;1,207;0,461;0,633;8,887E-2;0,259;3,181E-2;0,289;0,127;9,451E-2
14,056;0,638;1,955;0,627;1,205;0,483;0,625;8,828E-2;0,275;3,662E-2;0,311;0,102;0,103
14,072;0,640;1,961;0,634;1,203;0,510;0,616;9,502E-2;0,292;6,295E-2;0,336;8,435E-2;0,120
14,089;0,642;1,966;0,639;1,202;0,539;0,610;0,107;0,313;8,249E-2;0,356;8,286E-2;0,145
14,106;0,644;1,972;0,641;1,202;0,571;0,605;0,128;0,337;9,128E-2;0,375;9,859E-2;0,167
14,122;0,642;1,979;0,640;1,205;0,604;0,605;0,156;0,353;0,118;0,393;0,129;0,183
14,139;0,639;1,985;0,637;1,210;0,637;0,608;0,187;0,361;0,158;0,397;0,167;0,192
14,156;0,636;1,991;0,634;1,217;0,672;0,615;0,225;0,362;0,176;0,399;0,214;0,193
14,172;0,632;1,998;0,630;1,225;0,704;0,624;0,265;0,358;0,228;0,390;0,267;0,189
14,189;0,628;2,004;0,626;1,233;0,733;0,635;0,307;0,347;0,263;0,369;0,329;0,182
14,206;0,624;2,009;0,622;1,242;0,759;0,648;0,353;0,331;0,290;0,346;0,391;0,170
14,222;0,619;2,014;0,619;1,249;0,783;0,661;0,402;0,312;0,343;0,334;0,455;0,157
14,239;0,615;2,016;0,618;1,257;0,803;0,673;0,454;0,288;0,395;0,285;0,525;0,143
14,256;0,612;2,018;0,618;1,262;0,820;0,683;0,509;0,263;0,460;0,253;0,596;0,128
14,272;0,608;2,017;0,618;1,266;0,834;0,692;0,568;0,236;0,508;0,214;0,668;0,114
14,289;0,605;2,016;0,619;1,269;0,847;0,699;0,631;0,210;0,564;0,206;0,749;0,103
14,306;0,603;2,011;0,620;1,269;0,854;0,702;0,698;0,187;0,631;0,152;0,827;9,688E-2
14,322;0,602;2,006;0,621;1,268;0,862;0,702;0,764;0,167;0,713;0,135;0,907;9,571E-2
14,339;0,599;2,000;0,622;1,263;0,865;0,700;0,835;0,153;0,800;0,105;0,987;0,103
14,356;0,597;1,993;0,623;1,258;0,867;0,694;0,898;0,145;0,867;9,031E-2;1,065;0,118
14,372;0,595;1,986;0,625;1,250;0,868;0,687;0,965;0,147;0,922;8,545E-2;1,133;0,139
14,389;0,592;1,978;0,627;1,241;0,869;0,678;1,021;0,154;1,010;7,338E-2;1,188;0,162
14,406;0,592;1,969;0,630;1,231;0,872;0,672;1,064;0,162;1,045;8,449E-2;1,230;0,180
14,422;0,590;1,961;0,632;1,220;0,875;0,669;1,091;0,167;1,063;8,646E-2;1,255;0,189
14,439;0,588;1,954;0,633;1,213;0,878;0,666;1,102;0,166;1,066;9,044E-2;1,265;0,188
14,456;0,586;1,949;0,633;1,209;0,882;0,664;1,098;0,159;1,066;9,044E-2;1,260;0,178
14,472;0,585;1,946;0,634;1,206;0,887;0,661;1,081;0,147;1,063;8,646E-2;1,241;0,160
14,489;0,585;1,945;0,639;1,205;0,892;0,659;1,056;0,133;1,025;7,137E-2;1,214;0,138
14,506;0,586;1,944;0,646;1,204;0,893;0,655;1,025;0,125;0,996;6,822E-2;1,190;0,118
14,522;0,588;1,946;0,654;1,206;0,890;0,652;1,015;0,126;0,953;6,350E-2;1,174;0,103
14,539;0,589;1,950;0,661;1,217;0,890;0,661;0,982;0,126;0,928;6,075E-2;1,144;8,848E-2
14,556;0,590;1,958;0,663;1,232;0,890;0,668;0,949;0,125;0,901;7,234E-2;1,108;7,719E-2
14,572;0,593;1,966;0,663;1,244;0,883;0,668;0,917;0,123;0,865;7,199E-2;1,073;6,616E-2
14,589;0,594;1,974;0,662;1,253;0,869;0,668;0,881;0,121;0,821;7,444E-2;1,039;5,956E-2
14,606;0,597;1,981;0,660;1,257;0,851;0,664;0,846;0,120;0,784;7,767E-2;1,003;5,938E-2
14,622;0,600;1,987;0,658;1,261;0,828;0,664;0,810;0,121;0,745;7,334E-2;0,966;5,922E-2
14,639;0,604;1,993;0,656;1,266;0,807;0,662;0,774;0,122;0,709;7,299E-2;0,929;5,951E-2
14,656;0,607;2,001;0,654;1,272;0,782;0,661;0,740;0,124;0,673;7,264E-2;0,892;6,019E-2
14,672;0,611;2,007;0,652;1,276;0,755;0,659;0,702;0,124;0,651;7,028E-2;0,855;6,040E-2
14,689;0,614;2,013;0,649;1,278;0,730;0,657;0,667;0,124;0,618;7,750E-2;0,818;6,093E-2
14,706;0,618;2,018;0,645;1,277;0,702;0,657;0,633;0,125;0,566;8,633E-2;0,783;6,061E-2
14,722;0,621;2,022;0,641;1,276;0,675;0,656;0,598;0,126;0,530;8,240E-2;0,747;6,171E-2
14,739;0,623;2,025;0,635;1,274;0,648;0,654;0,563;0,127;0,486;8,126E-2;0,709;6,139E-2
14,756;0,625;2,026;0,629;1,272;0,621;0,653;0,526;0,128;0,461;8,568E-2;0,673;6,183E-2
14,772;0,626;2,025;0,622;1,268;0,594;0,651;0,492;0,129;0,415;0,102;0,636;6,151E-2
14,789;0,627;2,023;0,615;1,263;0,569;0,648;0,456;0,130;0,404;0,101;0,598;6,179E-2
14,806;0,630;2,020;0,607;1,258;0,546;0,647;0,419;0,132;0,349;0,106;0,562;6,206E-2
14,822;0,633;2,015;0,600;1,253;0,521;0,646;0,384;0,134;0,332;0,104;0,530;5,468E-2
14,839;0,635;2,009;0,591;1,247;0,496;0,646;0,349;0,138;0,283;0,113;0,489;6,236E-2
14,856;0,638;2,002;0,583;1,242;0,471;0,647;0,312;0,144;0,262;0,111;0,451;6,263E-2
14,873;0,640;1,996;0,577;1,238;0,448;0,649;0,278;0,150;0,224;0,125;0,414;6,318E-2
14,889;0,643;1,989;0,573;1,234;0,427;0,652;0,245;0,157;0,179;0,135;0,377;6,344E-2
14,906;0,645;1,983;0,571;1,231;0,411;0,653;0,211;0,164;0,146;0,142;0,340;6,336E-2
14,923;0,647;1,976;0,568;1,228;0,399;0,653;0,181;0,172;0,119;0,153;0,304;6,409E-2
14,939;0,648;1,971;0,567;1,224;0,392;0,653;0,151;0,181;8,463E-2;0,171;0,267;6,456E-2
14,956;0,649;1,966;0,568;1,221;0,387;0,652;0,122;0,193;5,437E-2;0,183;0,231;6,622E-2
14,973;0,650;1,964;0,571;1,218;0,387;0,651;9,599E-2;0,206;3,089E-2;0,198;0,196;6,990E-2
14,989;0,652;1,961;0,577;1,215;0,393;0,647;7,621E-2;0,222;1,060E-2;0,218;0,161;7,336E-2
15,006;0,652;1,959;0,585;1,210;0,403;0,643;6,143E-2;0,237;3,862E-3;0,246;0,130;7,863E-2
15,023;0,653;1,959;0,594;1,207;0,420;0,637;5,387E-2;0,251;-1,083E-2;0,281;0,100;8,308E-2
15,039;0,653;1,962;0,602;1,205;0,441;0,629;5,117E-2;0,269;1,939E-3;0,297;7,365E-2;9,432E-2
15,056;0,656;1,966;0,612;1,204;0,469;0,621;5,767E-2;0,287;9,155E-3;0,330;5,593E-2;0,108
15,073;0,657;1,971;0,619;1,203;0,499;0,612;7,011E-2;0,308;3,509E-2;0,358;5,006E-2;0,133
15,089;0,657;1,976;0,623;1,204;0,533;0,606;8,776E-2;0,333;5,621E-2;0,364;5,956E-2;0,159
15,106;0,654;1,983;0,625;1,205;0,567;0,603;0,115;0,354;7,458E-2;0,395;8,506E-2;0,179
15,123;0,651;1,990;0,625;1,211;0,604;0,606;0,148;0,366;0,110;0,406;0,123;0,192
15,139;0,647;1,997;0,624;1,217;0,640;0,612;0,185;0,372;0,144;0,396;0,169;0,197
15,156;0,644;2,003;0,623;1,226;0,675;0,621;0,226;0,370;0,176;0,396;0,220;0,196
15,173;0,639;2,009;0,622;1,233;0,708;0,630;0,269;0,362;0,235;0,388;0,281;0,190
15,189;0,635;2,014;0,621;1,242;0,739;0,642;0,315;0,347;0,267;0,366;0,345;0,182
15,206;0,631;2,019;0,621;1,250;0,766;0,655;0,366;0,328;0,321;0,335;0,410;0,169
15,223;0,627;2,021;0,622;1,257;0,791;0,667;0,420;0,305;0,378;0,312;0,480;0,155
15,239;0,622;2,023;0,622;1,263;0,813;0,679;0,477;0,279;0,433;0,275;0,558;0,137
15,256;0,619;2,022;0,625;1,267;0,833;0,688;0,539;0,251;0,483;0,248;0,629;0,122
15,273;0,617;2,020;0,628;1,269;0,848;0,694;0,604;0,222;0,564;0,206;0,709;0,108
15,289;0,614;2,017;0,631;1,269;0,861;0,698;0,670;0,195;0,607;0,174;0,794;9,819E-2
15,306;0,614;2,014;0,634;1,266;0,872;0,698;0,744;0,172;0,698;0,137;0,875;9,425E-2
15,323;0,612;2,008;0,638;1,261;0,877;0,696;0,816;0,153;0,786;9,958E-2;0,964;9,568E-2
15,339;0,611;2,003;0,642;1,255;0,880;0,690;0,888;0,142;0,825;0,104;1,043;0,104
15,356;0,610;1,995;0,647;1,247;0,880;0,683;0,953;0,139;0,922;7,828E-2;1,116;0,121
15,373;0,610;1,989;0,652;1,238;0,881;0,675;1,012;0,143;0,980;7,741E-2;1,172;0,142
15,389;0,611;1,982;0,658;1,228;0,885;0,667;1,055;0,150;1,028;7,535E-2;1,216;0,158
15,406;0,611;1,976;0,665;1,222;0,889;0,663;1,080;0,153;1,046;7,732E-2;1,242;0,166
15,423;0,612;1,971;0,670;1,217;0,892;0,661;1,088;0,150;1,053;7,811E-2;1,249;0,163
15,439;0,613;1,966;0,676;1,214;0,897;0,658;1,080;0,141;1,045;8,449E-2;1,240;0,148
15,456;0,614;1,963;0,683;1,213;0,904;0,655;1,058;0,128;1,010;7,338E-2;1,218;0,127
15,473;0,615;1,961;0,690;1,212;0,908;0,652;1,035;0,126;0,982;6,306E-2;1,197;0,105
15,489;0,617;1,960;0,697;1,217;0,912;0,656;1,012;0,126;0,953;6,350E-2;1,171;9,000E-2
15,506;0,618;1,964;0,700;1,230;0,915;0,664;0,979;0,124;0,924;6,035E-2;1,138;7,671E-2
15,523;0,620;1,970;0,702;1,242;0,914;0,667;0,947;0,123;0,894;7,155E-2;1,104;6,586E-2
15,539;0,623;1,977;0,704;1,252;0,905;0,667;0,912;0,121;0,844;6,604E-2;1,069;5,913E-2
15,556;0,626;1,984;0,704;1,258;0,889;0,665;0,877;0,121;0,814;7,365E-2;1,033;5,840E-2
15,573;0,629;1,990;0,703;1,263;0,870;0,664;0,841;0,121;0,775;6,932E-2;0,996;5,786E-2
15,589;0,632;1,997;0,700;1,268;0,848;0,663;0,802;0,122;0,749;7,374E-2;0,960;5,773E-2
15,606;0,635;2,005;0,698;1,273;0,823;0,662;0,768;0,124;0,720;7,059E-2;0,924;5,923E-2
15,623;0,640;2,012;0,696;1,277;0,797;0,660;0,731;0,124;0,651;7,387E-2;0,887;5,885E-2
15,639;0,643;2,018;0,694;1,279;0,771;0,658;0,697;0,124;0,606;7,990E-2;0,851;5,877E-2
15,656;0,647;2,024;0,692;1,279;0,742;0,657;0,662;0,125;0,588;8,511E-2;0,814;6,027E-2
15,673;0,650;2,028;0,688;1,278;0,713;0,656;0,626;0,126;0,559;8,555E-2;0,776;5,972E-2
15,690;0,653;2,031;0,683;1,276;0,685;0,654;0,592;0,127;0,508;8,362E-2;0,600;0,127
15,706;0,656;2,033;0,677;1,273;0,658;0,652;0,557;0,128;0,494;7,846E-2;0,705;6,072E-2
15,723;0,659;2,032;0,670;1,268;0,631;0,651;0,521;0,130;0,471;9,045E-2;0,668;6,044E-2
15,740;0,661;2,030;0,661;1,264;0,605;0,649;0,485;0,132;0,415;0,102;0,632;6,021E-2
15,756;0,666;2,027;0,652;1,259;0,580;0,649;0,450;0,135;0,397;0,101;0,595;6,180E-2
15,773;0,669;2,022;0,643;1,255;0,555;0,648;0,416;0,139;0,342;0,109;0,560;6,285E-2
15,790;0,673;2,017;0,634;1,251;0,532;0,649;0,382;0,143;0,320;0,110;0,523;6,321E-2
15,806;0,677;2,011;0,626;1,247;0,507;0,650;0,347;0,148;0,287;0,117;0,485;6,422E-2
15,823;0,680;2,005;0,619;1,243;0,484;0,652;0,312;0,155;0,242;0,131;0,447;6,463E-2
15,840;0,681;2,000;0,614;1,239;0,463;0,656;0,278;0,162;0,205;0,130;0,410;6,604E-2
15,856;0,684;1,993;0,611;1,236;0,446;0,658;0,244;0,171;0,174;0,152;0,372;6,663E-2
15,873;0,686;1,988;0,609;1,232;0,433;0,660;0,212;0,180;0,140;0,163;0,337;6,708E-2
15,890;0,688;1,982;0,610;1,229;0,424;0,661;0,184;0,191;0,112;0,185;0,301;6,929E-2
15,906;0,689;1,977;0,613;1,226;0,420;0,660;0,157;0,202;8,547E-2;0,197;0,266;7,192E-2
15,923;0,689;1,974;0,618;1,222;0,420;0,658;0,131;0,214;6,596E-2;0,209;0,231;7,497E-2
15,940;0,691;1,971;0,625;1,217;0,425;0,655;0,111;0,228;6,041E-2;0,227;0,197;7,944E-2
15,956;0,691;1,968;0,633;1,213;0,436;0,650;9,547E-2;0,241;3,216E-2;0,253;0,166;8,357E-2
15,973;0,693;1,968;0,643;1,209;0,454;0,644;8,965E-2;0,256;2,980E-2;0,274;0,136;8,723E-2
15,990;0,692;1,970;0,650;1,205;0,475;0,635;8,690E-2;0,269;3,461E-2;0,297;0,110;9,421E-2
16,006;0,694;1,972;0,658;1,202;0,503;0,625;9,157E-2;0,284;4,659E-2;0,320;8,868E-2;0,109
16,023;0,695;1,976;0,665;1,200;0,535;0,615;0,103;0,305;6,496E-2;0,351;8,249E-2;0,131
16,040;0,696;1,981;0,669;1,200;0,568;0,607;0,122;0,329;9,487E-2;0,376;9,193E-2;0,154
16,056;0,694;1,987;0,670;1,203;0,602;0,604;0,148;0,349;0,119;0,389;0,117;0,173
16,073;0,690;1,993;0,669;1,208;0,639;0,605;0,180;0,360;0,135;0,406;0,157;0,186
16,090;0,686;2,000;0,668;1,215;0,674;0,610;0,217;0,365;0,175;0,410;0,199;0,190
16,106;0,680;2,007;0,667;1,222;0,709;0,617;0,258;0,365;0,208;0,403;0,250;0,190
16,123;0,677;2,012;0,666;1,231;0,742;0,627;0,301;0,356;0,238;0,395;0,312;0,184
16,140;0,672;2,017;0,664;1,239;0,774;0,639;0,347;0,343;0,284;0,375;0,377;0,176
16,156;0,665;2,021;0,664;1,247;0,802;0,651;0,396;0,324;0,343;0,327;0,445;0,164
16,173;0,659;2,023;0,663;1,253;0,825;0,664;0,448;0,302;0,390;0,299;0,509;0,151
16,190;0,654;2,025;0,664;1,258;0,847;0,675;0,504;0,277;0,451;0,273;0,579;0,137
16,206;0,649;2,025;0,666;1,263;0,866;0,683;0,562;0,251;0,509;0,243;0,652;0,122
16,223;0,645;2,022;0,667;1,265;0,883;0,690;0,625;0,224;0,563;0,209;0,731;0,108
16,240;0,641;2,018;0,668;1,265;0,895;0,696;0,691;0,198;0,644;0,171;0,814;9,773E-2
16,256;0,639;2,014;0,669;1,264;0,906;0,697;0,762;0,174;0,693;0,151;0,908;8,965E-2
16,273;0,636;2,009;0,671;1,260;0,915;0,697;0,834;0,156;0,791;0,115;0,986;8,529E-2
16,290;0,633;2,003;0,673;1,254;0,919;0,693;0,905;0,144;0,866;9,390E-2;1,068;9,759E-2
16,306;0,630;1,997;0,675;1,248;0,923;0,688;0,973;0,141;0,929;7,907E-2;1,147;0,116
16,323;0,628;1,991;0,679;1,240;0,924;0,681;1,033;0,144;1,013;8,095E-2;1,210;0,136
16,340;0,627;1,984;0,684;1,232;0,927;0,675;1,080;0,152;1,046;7,373E-2;1,260;0,151
16,356;0,624;1,978;0,689;1,225;0,929;0,671;1,110;0,155;1,082;7,767E-2;1,277;0,166
16,373;0,622;1,972;0,694;1,221;0,932;0,668;1,122;0,154;1,093;7,526E-2;1,297;0,168
16,390;0,621;1,967;0,699;1,218;0,935;0,665;1,119;0,148;1,086;7,448E-2;1,288;0,157
16,406;0,620;1,963;0,703;1,216;0,939;0,662;1,102;0,137;1,068;7,251E-2;1,264;0,145
16,423;0,620;1,961;0,710;1,214;0,943;0,658;1,077;0,125;1,051;6,695E-2;1,228;0,118
16,440;0,620;1,959;0,717;1,214;0,945;0,656;1,056;0,126;1,011;6,621E-2;1,216;0,111
16,456;0,619;1,959;0,723;1,222;0,950;0,662;1,030;0,125;0,973;8,021E-2;1,182;9,389E-2
16,473;0,618;1,962;0,726;1,237;0,951;0,669;0,996;0,124;0,955;7,824E-2;1,171;7,333E-2
16,490;0,618;1,967;0,727;1,248;0,947;0,671;0,965;0,123;0,922;8,545E-2;1,130;6,238E-2
16,506;0,619;1,973;0,727;1,254;0,936;0,669;0,930;0,120;0,853;7,798E-2;1,060;5,787E-2
16,523;0,623;1,979;0,726;1,257;0,921;0,665;0,895;0,120;0,828;7,881E-2;1,050;5,681E-2
16,540;0,627;1,986;0,724;1,260;0,899;0,664;0,859;0,120;0,785;7,409E-2;1,002;5,156E-2
16,557;0,629;1,993;0,720;1,265;0,875;0,662;0,822;0,121;0,741;7,295E-2;0,960;5,658E-2
16,573;0,632;2,000;0,716;1,271;0,849;0,660;0,786;0,123;0,705;7,619E-2;0,940;5,767E-2
16,590;0,634;2,007;0,713;1,275;0,822;0,659;0,748;0,123;0,682;8,100E-2;0,884;6,449E-2
16,607;0,638;2,014;0,711;1,276;0,796;0,657;0,713;0,123;0,638;8,703E-2;0,869;6,274E-2
16,623;0,641;2,020;0,707;1,277;0,765;0,657;0,676;0,124;0,617;8,467E-2;0,820;6,067E-2
16,640;0,643;2,025;0,702;1,277;0,736;0,656;0,642;0,126;0,577;8,751E-2;0,788;6,356E-2
16,657;0,645;2,028;0,696;1,275;0,707;0,654;0,605;0,126;0,537;8,319E-2;0,752;6,289E-2
16,673;0,646;2,029;0,690;1,273;0,678;0,654;0,570;0,129;0,511;9,119E-2;0,714;5,869E-2
16,690;0,647;2,028;0,682;1,271;0,649;0,652;0,537;0,131;0,468;8,647E-2;0,677;7,080E-2
16,707;0,648;2,025;0,673;1,266;0,622;0,651;0,500;0,132;0,427;9,289E-2;0,646;6,091E-2
16,723;0,649;2,021;0,663;1,261;0,596;0,650;0,464;0,134;0,397;0,101;0,597;6,523E-2
16,740;0,650;2,017;0,653;1,257;0,571;0,650;0,430;0,137;0,365;9,696E-2;0,557;7,061E-2
16,757;0,652;2,011;0,643;1,252;0,547;0,650;0,396;0,141;0,335;0,108;0,529;6,426E-2
16,773;0,653;2,007;0,634;1,248;0,521;0,651;0,360;0,146;0,294;0,118;0,487;5,970E-2
16,790;0,654;2,001;0,627;1,244;0,496;0,653;0,325;0,152;0,267;0,130;0,454;6,578E-2
16,807;0,655;1,994;0,620;1,240;0,473;0,656;0,292;0,158;0,220;0,125;0,429;6,617E-2
16,823;0,658;1,988;0,617;1,236;0,455;0,658;0,259;0,166;0,199;0,151;0,392;7,190E-2
16,840;0,660;1,982;0,614;1,233;0,440;0,660;0,228;0,175;0,158;0,161;0,347;7,338E-2
16,857;0,663;1,976;0,612;1,230;0,431;0,660;0,197;0,183;0,128;0,176;0,306;5,924E-2
16,873;0,664;1,972;0,612;1,227;0,425;0,659;0,168;0,194;0,112;0,185;0,266;7,420E-2
16,890;0,667;1,969;0,613;1,224;0,423;0,659;0,142;0,206;8,547E-2;0,197;0,233;7,708E-2
16,907;0,669;1,967;0,620;1,221;0,426;0,657;0,120;0,219;5,722E-2;0,223;0,214;7,817E-2
16,923;0,672;1,965;0,627;1,218;0,435;0,653;0,103;0,234;4,449E-2;0,240;0,169;7,326E-2
16,940;0,674;1,967;0,635;1,215;0,451;0,648;9,382E-2;0,249;4,173E-2;0,265;0,152;8,428E-2
16,957;0,675;1,971;0,643;1,214;0,472;0,641;9,192E-2;0,262;3,859E-2;0,293;0,122;9,391E-2
16,973;0,678;1,976;0,650;1,213;0,498;0,632;9,547E-2;0,278;4,659E-2;0,320;9,721E-2;0,111
16,990;0,679;1,982;0,655;1,211;0,529;0,622;0,104;0,299;7,252E-2;0,348;9,331E-2;0,117
17,007;0,679;1,989;0,659;1,213;0,561;0,615;0,120;0,323;8,171E-2;0,363;9,230E-2;0,155
17,023;0,677;1,995;0,659;1,216;0,593;0,614;0,144;0,344;9,885E-2;0,373;0,116;0,171
17,040;0,672;2,002;0,658;1,221;0,626;0,616;0,173;0,358;0,126;0,394;0,154;0,185
17,057;0,667;2,009;0,656;1,230;0,658;0,622;0,208;0,365;0,158;0,397;0,196;0,186
17,073;0,663;2,015;0,655;1,238;0,691;0,629;0,246;0,364;0,209;0,392;0,247;0,185
17,090;0,660;2,020;0,654;1,247;0,720;0,640;0,284;0,355;0,247;0,374;0,298;0,191
17,107;0,655;2,025;0,652;1,255;0,747;0,650;0,327;0,341;0,265;0,351;0,371;0,183
17,123;0,650;2,029;0,651;1,262;0,771;0,660;0,374;0,322;0,325;0,325;0,430;0,173
17,140;0,646;2,031;0,649;1,269;0,794;0,670;0,426;0,300;0,371;0,305;0,484;0,153
17,157;0,642;2,032;0,649;1,274;0,813;0,679;0,478;0,276;0,425;0,278;0,560;0,136
17,173;0,639;2,030;0,649;1,277;0,830;0,686;0,535;0,248;0,476;0,240;0,643;0,112
17,190;0,635;2,028;0,650;1,278;0,844;0,691;0,595;0,221;0,531;0,202;0,709;0,103
17,207;0,632;2,023;0,651;1,277;0,857;0,693;0,659;0,194;0,601;0,163;0,772;8,770E-2
17,223;0,630;2,018;0,652;1,275;0,867;0,694;0,723;0,172;0,676;0,138;0,855;9,682E-2
17,240;0,629;2,012;0,654;1,270;0,875;0,694;0,790;0,153;0,761;9,683E-2;0,941;8,357E-2
17,257;0,628;2,006;0,656;1,264;0,880;0,690;0,864;0,140;0,834;9,394E-2;1,024;8,630E-2
17,273;0,626;1,999;0,658;1,256;0,884;0,684;0,930;0,134;0,898;7,194E-2;1,087;0,106
17,290;0,622;1,992;0,661;1,248;0,886;0,677;0,990;0,136;0,965;8,300E-2;1,156;0,123
17,307;0,621;1,983;0,664;1,239;0,888;0,669;1,040;0,143;1,010;6,980E-2;1,218;0,146
17,323;0,618;1,976;0,668;1,231;0,892;0,664;1,072;0,148;1,043;7,334E-2;1,237;0,148
17,340;0,616;1,969;0,672;1,224;0,897;0,662;1,090;0,150;1,079;7,369E-2;1,250;0,150
17,357;0,613;1,963;0,676;1,220;0,903;0,660;1,090;0,143;1,057;7,850E-2;1,250;0,150
17,373;0,613;1,959;0,681;1,218;0,910;0,657;1,076;0,132;1,028;7,176E-2;1,235;0,135
17,390;0,613;1,956;0,687;1,216;0,917;0,655;1,051;0,126;1,007;6,940E-2;1,226;0,105
17,407;0,614;1,954;0,695;1,217;0,922;0,656;1,032;0,126;0,974;6,586E-2;1,175;9,319E-2
17,424;0,616;1,956;0,701;1,226;0,930;0,663;1,004;0,125;0,937;7,268E-2;1,155;7,796E-2
17,440;0,616;1,961;0,704;1,239;0,931;0,668;0,973;0,123;0,898;6,836E-2;1,126;7,481E-2
17,457;0,616;1,966;0,706;1,249;0,927;0,669;0,939;0,121;0,875;8,034E-2;1,104;6,916E-2
17,474;0,618;1,973;0,706;1,256;0,916;0,668;0,904;0,121;0,835;7,601E-2;1,054;5,397E-2
17,490;0,620;1,980;0,705;1,261;0,899;0,667;0,868;0,121;0,806;8,362E-2;1,028;5,117E-2
17,507;0,623;1,987;0,702;1,265;0,877;0,666;0,831;0,122;0,755;8,170E-2;0,992;5,689E-2
17,524;0,626;1,994;0,698;1,271;0,852;0,664;0,795;0,123;0,733;7,933E-2;0,938;5,093E-2
17,540;0,629;2,002;0,694;1,276;0,825;0,662;0,758;0,124;0,694;7,859E-2;0,895;5,915E-2
17,557;0,634;2,008;0,691;1,277;0,799;0,661;0,724;0,125;0,647;7,706E-2;0,875;6,024E-2
17,574;0,639;2,014;0,687;1,279;0,774;0,659;0,686;0,125;0,621;8,148E-2;0,846;6,028E-2
17,590;0,642;2,020;0,683;1,279;0,745;0,658;0,651;0,126;0,592;8,192E-2;0,807;6,247E-2
17,607;0,645;2,023;0,679;1,279;0,716;0,656;0,615;0,127;0,547;8,795E-2;0,768;6,465E-2
17,624;0,647;2,025;0,675;1,278;0,687;0,655;0,582;0,129;0,504;8,323E-2;0,723;6,613E-2
17,640;0,649;2,026;0,669;1,275;0,660;0,653;0,546;0,130;0,482;9,163E-2;0,688;6,227E-2
17,657;0,652;2,024;0,662;1,271;0,631;0,652;0,508;0,131;0,433;0,104;0,655;6,835E-2
17,674;0,653;2,022;0,655;1,266;0,606;0,650;0,473;0,134;0,401;0,101;0,613;6,699E-2
17,690;0,655;2,018;0,647;1,262;0,581;0,649;0,438;0,137;0,372;9,775E-2;0,574;6,278E-2
17,707;0,658;2,013;0,639;1,258;0,560;0,648;0,404;0,141;0,324;0,107;0,536;6,177E-2
17,724;0,661;2,008;0,632;1,254;0,537;0,648;0,369;0,146;0,295;0,104;0,517;5,966E-2
17,740;0,664;2,002;0,624;1,250;0,513;0,650;0,334;0,152;0,265;0,115;0,470;7,073E-2
17,757;0,665;1,996;0,618;1,246;0,491;0,653;0,302;0,160;0,231;0,126;0,421;7,186E-2
17,774;0,668;1,990;0,614;1,242;0,471;0,654;0,269;0,167;0,212;0,135;0,383;7,084E-2
17,790;0,669;1,984;0,611;1,239;0,455;0,656;0,237;0,176;0,169;0,163;0,353;7,408E-2
17,807;0,669;1,978;0,608;1,235;0,443;0,657;0,206;0,186;0,138;0,177;0,318;7,342E-2
17,824;0,669;1,975;0,608;1,232;0,436;0,656;0,178;0,197;9,701E-2;0,191;0,288;7,984E-2
17,840;0,668;1,972;0,610;1,228;0,433;0,654;0,152;0,209;6,636E-2;0,206;0,250;7,244E-2
17,857;0,669;1,970;0,616;1,223;0,435;0,652;0,129;0,223;6,517E-2;0,216;0,227;7,957E-2
17,874;0,670;1,968;0,623;1,218;0,443;0,648;0,112;0,238;4,090E-2;0,239;0,181;8,425E-2
17,890;0,671;1,965;0,632;1,213;0,456;0,643;0,102;0,254;3,697E-2;0,275;0,159;8,179E-2
17,907;0,671;1,966;0,641;1,208;0,474;0,637;9,604E-2;0,267;4,257E-2;0,290;0,128;9,780E-2
17,924;0,672;1,969;0,651;1,205;0,496;0,628;9,727E-2;0,282;4,379E-2;0,312;0,105;0,102
17,940;0,676;1,972;0,660;1,201;0,525;0,618;0,105;0,299;5,897E-2;0,339;8,977E-2;0,119
17,957;0,678;1,975;0,666;1,199;0,556;0,610;0,120;0,321;7,812E-2;0,363;8,486E-2;0,164
17,974;0,678;1,978;0,667;1,199;0,589;0,605;0,139;0,345;0,105;0,381;0,103;0,176
17,990;0,675;1,984;0,665;1,204;0,623;0,603;0,167;0,360;0,132;0,402;0,137;0,186
18,007;0,671;1,991;0,661;1,209;0,657;0,606;0,200;0,368;0,170;0,420;0,185;0,191
18,024;0,666;1,998;0,657;1,216;0,692;0,613;0,237;0,369;0,201;0,398;0,227;0,193
18,040;0,662;2,004;0,654;1,224;0,726;0,622;0,279;0,363;0,235;0,388;0,275;0,198
18,057;0,658;2,008;0,651;1,233;0,757;0,634;0,326;0,352;0,258;0,376;0,355;0,181
